Eigvals	3
177.0374274403275	15.650209753365413	12.732258350453494

Proportion explained	3
0.9871795726554979	0.0077144737383032565	0.005105953606198817

Species	377	3
Alpha-galactans	-0.030682675678779248	-0.022392487777231074	0.0018609386809356476
Alpha-mannan	-0.03393327092198345	-0.0009073130063840251	0.013885948894902633
Arabinan	-0.02723081881556363	-0.01073791581647876	-0.03654621742628572
Arabinose_cleavage	-0.02993752600908347	-0.024062303336936156	-0.011219079835162262
Beta-galactan_(pectic_galactan)	-0.027767308257454163	-0.017890018520257088	-0.030911861356241507
Beta-mannan	-0.02894926744685838	-0.030095378642287465	0.0053057618064626735
Denitrification	-0.021267948107228506	0.009802910313298097	-0.08754033116173512
Fucose_Cleavage	-0.033912749427066985	0.006555741293359844	-0.014866056152087618
Mixed-Linkage_glucans	-0.030120682532725405	-0.007565618355901402	-0.009305473056495097
Mucin	-0.030058116751942046	-0.022854187936491563	-0.001343561071286002
Photosynthesis	0.02038770473257161	-0.05391884122127304	0.01247826197351001
Xyloglucan	-0.029018531524079568	-0.03634074282550973	-0.019524501870454777
0DH:quinone_oxidoreductase_prokaryotes	-0.030577748773508308	0.00042244027607768654	-0.019601898775738664
0DH:ubiquinone_oxidoreductase_mitochondria	0.0019180975857919303	0.13966542720477557	0.03657968644122005
0DH_dehydrogenase_ubiquinone_1_alpha_subcomplex	0.0464429871919889	-0.08829606557343878	0.0074782432821018955
0DH_dehydrogenase_ubiquinone_1_beta_subcomplex	0.07284334674095821	-0.06022303531412987	-0.00036969986411096944
0DH_dehydrogenase_ubiquinone_Fe-S_protein/flavoprotein_complex_mitochondria	0.02266443557810294	0.025103659888355702	0.06299945295927067
0DPH:quinone_oxidoreductase_chloroplasts_and_cyanobacteria	-0.00165345128004263	-0.038284530596824747	-0.0437277270119374
2-Aminoethylphosphonate_transport_system	0.019964687881000816	0.009914996522639085	-0.03888829208190904
3-Hydroxypropionate_bi-cycle	-0.03262836291053015	-0.05330322906526551	0.01716660115689706
ABC-2_type_transport_system	-0.025587981455987632	-0.02935530693257803	-0.014033340614580565
AI-2_transport_system	0.16526339945889396	-0.055619024899846534	-0.11152532790107769
Acetoin_utilization_transport_system	0.10668940905503345	-0.07711911491296275	-0.018650103769916514
Acetyl-CoA_pathway	-0.03585256736859138	-0.09792851586934535	0.025960427521383736
Adenine_ribonucleotide_biosynthesis_IMP_to_ADP_ATP	-0.026759547918783235	0.018006159785936192	-0.02622785682720215
Adhesin_protein_transport_system	-0.035842416229734865	0.1292341176107803	-0.007256757352729765
Aminoacyl-tR0_biosynthesis_eukaryotes	-0.027218722924454642	0.021603934072432676	-0.019408236698477858
Anoxygenic_photosystem_II	-0.006784903362225907	-0.02435950743453538	0.026649090811078024
Anthranilate_degradation_anthranilate_to_catechol	-0.01127030824584486	0.0453960915015812	0.024355983948679227
Arabinosaccharide_transport_system	-0.025022462587382405	-0.07153365592546201	-0.027466196704077715
Arginine/lysine/histidine/glutamine_transport_system	0.1324953233934506	0.09199859787200837	0.06272771080105594
Arginine/lysine/histidine_transport_system	0.11820875056281833	0.008204637553857379	0.08362125908231498
Arginine/ornithine_transport_system	0.015621210887883307	0.1471093927097874	0.03387367086159661
Arginine_transport_system	0.07648102474833963	0.07466020483090366	-0.02518526820321007
Aspartate/glutamate/glutamine_transport_system	0.00620426040465608	-0.0054364075676215625	0.09795465215722575
Assimilatory_nitrate_reduction_nitrate_to_ammonia	-0.02691525540907906	-0.04704806251876161	-0.04442998006314054
Assimilatory_sulfate_reduction_sulfate_to_H2S	-0.030423416517441158	0.005254312784286631	-0.0010072145451518173
Auxiliary_Activities	-0.03257794281321169	-0.021390831154694017	-0.0003768494000958484
Bacitracin_resistance_BceAB_transporter	0.12471245822274586	-0.017051761163055332	-0.04183983411760949
Bacitracin_resistance_VraDE_transporter	0.052865774891198446	-0.04956827975534405	0.040633790148076665
Bacitracin_transport_system	0.11802669154115995	-0.04149420882701274	-0.029737294254964852
Benzene_degradation_benzene_to_catechol	0.031180141369929384	0.05676216673300563	-0.04825106004875112
Benzoate_degradation_benzoate_to_catechol_/_methylbenzoate_to_methylcatechol	-0.02388086070006744	0.08064290083390413	-0.004138718340510496
Benzoate_degradation_cyclohexanecarboxylic_acid_=>pimeloyl-CoA	-0.041240084274199035	-0.06673558885602539	0.06638486100059622
Benzoyl-CoA_degradation_benzoyl-CoA_to_3-hydroxypimeloyl-CoA	0.10095401009856078	0.04672438428152882	-0.11068271618049311
Betaine_biosynthesis_choline_to_betaine	-0.025204244467985193	0.00961222596474591	-0.023313280235182043
Bicarbonate_transport_system	-0.10588242843996253	-0.0058302806876276685	0.10402573571654714
Biotin_transport_system	0.0030797378817169507	-0.005296022928532686	-0.11760894299897968
Biphenyl_degradation_biphenyl_to_2-oxopent-4-enoate___benzoate	0.14469536441627193	0.05980887657227154	-0.04618372578489638
Branched-chain_amino_acid_transport_system	-0.035945039050268475	-0.040452643887400226	0.02976804569435526
Capsular_polysaccharide_transport_system	0.023221203326669056	0.08355762144290202	-0.013573420827065428
Carbazole_degradation_carbazole_to_2-oxopent-4-enoate___anthranilate	0.16986813698784603	0.08085773626736452	-0.029293163105783053
Carbohydrate-Binding_Modules	-0.026573152807994358	-0.027936223099466844	-0.021177136062634532
Carbohydrate_Esterases	-0.030708513188875134	-0.008865127379578579	-0.004989528808376407
Catechol_meta-cleavage_catechol_to_acetyl-CoA_/_4-methylcatechol_to_propanoyl-CoA	-0.03111155271388672	0.008432717323263571	0.01909418686599476
Catechol_ortho-cleavage_catechol_to_3-oxoadipate	-0.04072667867473578	0.054796675788536725	0.01184654594025454
Cationic_peptide_transport_system	0.15872183786606844	-0.039855148905910714	-0.0379259942752229
Cell_division_transport_system	-0.02744787142557541	0.002552232053364134	-0.02261616140918633
Cellobiose_transport_system	-0.022857039220274322	-0.06534126927101848	-0.036812785575788425
Citrate_cycle_TCA_cycle_Krebs_cycle	-0.028762460438812126	0.02315933725394783	-0.020705486853741406
Citrate_cycle_first_carbon_oxidation_oxaloacetate_to_2-oxoglutarate	-0.02938509810861855	0.014053651871159803	-0.019036721850783474
Citrate_cycle_second_carbon_oxidation_2-oxoglutarate_to_oxaloacetate	-0.028608997801352225	0.026382951608589486	-0.021585073344098267
Cobalamin_biosynthesis_cobinamide_to_cobalamin	-0.031513669090029506	0.0282154175789874	-0.014676292948477948
Cobalamin_biosynthesis_precorrin2_to_cobinamide	-0.030302260986077113	-0.013802318780540324	-0.005691152248426686
Cobalamin_salvage	-0.0377182456910571	0.06524582651963955	-0.009163265107628164
Cobalt/nickel_transport_system	0.0015688327512492395	-0.009157532160755094	-0.12267496643610946
Coenzyme_M_biosynthesis	-0.03373791052575798	-0.08851967707172213	0.00407447550244356
Complete_nitrification_comammox_ammonia_to_nitrite_to_nitrate	0.0002730871446527819	0.05288828270864411	-0.11679522982768897
Cumate_degradation_p-cumate_to_2-oxopent-4-enoate___2-methylpropanoate	-0.04062294821855259	-0.03681082671445242	0.11201213768256348
Cysteine_biosynthesis_homocysteine___serine_to_cysteine	-0.03763245947756943	-0.051862640584336275	-0.02426318242217698
Cysteine_biosynthesis_methionine_to_cysteine	-0.027905859527450692	0.04021328771329334	-0.021394987337654877
Cysteine_biosynthesis_serine_to_cysteine	-0.030640800026447364	0.04148602905124949	-0.02291555872366539
Cytochrome_aa3-600_menaquinol_oxidase	0.10024645386901698	0.03371270332489031	-0.028504817796584734
Cytochrome_b6f_complex	-0.022906452437035697	-0.06956919710193184	-0.04439530471367985
Cytochrome_bc1_complex	-0.028722377599042306	0.08584433927440914	-0.001296448608632442
Cytochrome_bc1_complex_respiratory_unit	-0.024583631694628072	0.025227198480184038	-0.013119347679819445
Cytochrome_bd_ubiquinol_oxidase	-0.034764684116582054	0.03826115958467556	0.018861601883193913
Cytochrome_c_oxidase	-0.029239666758175402	0.03088952857098327	-0.001582327751191442
Cytochrome_c_oxidase_cbb3-type	-0.037936769157874126	0.055291697317404194	0.01952263163450646
Cytochrome_c_oxidase_prokaryotes	-0.029540620538012916	-0.04452519282087117	-0.0022815308057793408
Cytochrome_d_ubiquinol_oxidase	-0.02840848431960667	0.009128914096573976	-0.020362319287547646
Cytochrome_o_ubiquinol_oxidase	-0.048868739543118066	0.0870835858584328	0.06255197478587435
D-Allose_transport_system	0.178536854605241	-8.73007473341499e-05	-0.10209942266690895
D-Galacturonate_degradation_bacteria_D-galacturonate_to_pyruvate___D-glyceraldehyde_3P	-0.025839854309681137	0.009078484394586705	-0.042763586716514985
D-Galacturonate_degradation_fungi_D-galacturonate_to_glycerol	0.052860926130701986	0.0005981634761711326	0.007348039452850624
D-Methionine_transport_system	-0.01355296357543103	0.20670906029985467	-0.0693780194689481
D-Xylose_transport_system	-0.03535970725605333	-0.06623408816646462	0.007733963152082111
D-galactonate_degradation_De_Ley-Doudoroff_pathway_D-galactonate_to_glycerate-3P	-0.028901289691378475	0.024853781655182483	-0.02472462688035916
D0_polymerase_III_complex_bacteria	-0.027585078414601904	0.031419347293110314	-0.027608454275081074
D0_polymerase_II_complex_archaea	0.1080835363419172	0.08976925313562106	0.08818042793431151
D0_polymerase_alpha_/_primase_complex	0.10209173739864387	-0.090111014712928	0.018694141422815433
D0_polymerase_delta_complex	0.06852323677990985	-0.10205791960470287	0.03793845942039372
D0_polymerase_epsilon_complex	0.0543367334789424	-0.10540944545207878	0.025675346550188077
Denitrification_nitrate_to_nitrogen	-0.017954665374960415	0.014143041401667965	-0.11539173483438947
Dicarboxylate-hydroxybutyrate_cycle	-0.028843536308094414	0.008721374690335595	-0.010056866353256453
Dipeptide_transport_system	-0.0301061248894783	0.0835653538547037	-0.02559463880768968
Dipeptide_transport_system_Firmicutes	0.07669405269555508	0.02917828324735275	0.07532777784094244
Dissimilatory_nitrate_reduction_nitrate_to_ammonia	-0.01950371376345155	0.015220493496663412	-0.07318996104521419
Dissimilatory_sulfate_reduction_sulfate_to_H2S	-0.02623817853792294	0.019191743680834164	-0.010703063901605544
Energy-coupling_factor_transport_system	-0.012859508446803284	0.0074305706799439155	-0.11481434490297855
Entner-Doudoroff_pathway_glucose-6P_to_glyceraldehyde-3P___pyruvate	-0.029284718899636877	-0.015472990437016271	-0.006390816262193817
Erythritol_transport_system	-0.0073863121072339	-0.04949493413179653	-0.057852041559363514
F-type_ATPase_eukaryotes	-0.0017776935019565836	0.06545606405257434	0.06391405023160394
F-type_ATPase_prokaryotes_and_chloroplasts	-0.02432892427455697	0.03181316128987239	-0.028867472763252005
F420_biosynthesis	-0.0277482552648909	-0.10599042276338891	-0.019194535773050247
Flagellar_Assembly	-0.028724983848158605	0.05424224623903248	-0.0009163324001677541
Fluoroquinolone_transport_system	-0.022005985835922885	0.07073432317727939	0.185946219810003
Fructose_and_mannose_metabolism	-0.02991802380897544	-0.01528174210364561	-0.01790957257488944
Fructose_transport_system	-0.02962155103234814	-0.07041836070016255	-0.025488605176822617
Fumarate_reductase_prokaryotes	-0.03603412680642536	-0.02536202696083703	-0.027031887361403984
Galactose_degradation_Leloir_pathway_galactose_to_alpha-D-glucose-1P	-0.02753388630243048	-0.04173948311332341	-0.028095114786030304
Galactose_metabolism	-0.028295788121336363	-0.03997130061659023	-0.024906649237490974
General_L-amino_acid_transport_system	-0.030413002653719223	-0.07445982981031445	-0.005394723840309223
Gluconeogenesis_oxaloacetate_to_fructose-6P	-0.028197448504601836	0.022343300397541847	-0.024255204136793027
Glucose/mannose_transport_system	-0.027896867858777256	-0.05873921489059236	-0.019719074435023104
Glucuronate_pathway_uronate_pathway	-0.029280151352770876	-0.03007225858170429	-0.009391645691185235
Glutamate/aspartate_transport_system	-0.04896732155648036	0.06940312621320222	0.06490378090726916
Glutamate_transport_system	0.006218423877673124	-0.07260209965446879	-0.16096832335943068
Glutamine_transport_system	-0.021691371833653758	-0.011009476701075457	0.012160316819477221
Glutathione_transport_system	-0.0262118108240714	-0.007250696118929773	-0.0012291744802748307
Glycerol_transport_system	-0.034027719455433585	-0.03768273089746997	0.014076979107847365
Glycine_betaine/proline_transport_system	-0.021425892588952444	0.0520057197716844	-0.10353327216027965
Glycolysis_Embden-Meyerhof_pathway_glucose_to_pyruvate	-0.027677640570933512	0.01957901131669724	-0.022846757123164717
Glycolysis_core_module_involving_three-carbon_compounds	-0.02738001394731721	0.024753008258237848	-0.02802369876866913
Glycoside_Hydrolases	-0.029885411434918817	-0.014153806790923642	-0.010864163830773264
GlycosylTransferases	-0.029906305380257202	-0.012331768016166403	-0.01482320685837794
Glyoxylate_cycle	-0.029725597189397275	0.013504028487630217	-0.016179519485512227
Guanine_ribonucleotide_biosynthesis_IMP_to_GDP_GTP	-0.025380787778758344	0.02263975861701432	-0.033998223734503855
Heme_biosynthesis_animals_and_fungi_glycine_to_heme	-0.02965909627977032	0.027663869876930116	-0.023348896435502302
Heme_biosynthesis_archaea_siroheme_to_heme	-0.03311874467950966	-0.07655624629793266	0.00417484464546086
Heme_transport_system	-0.03177124583894824	0.017148179191690694	-0.007241348150427151
Hemin_transport_system	0.0786307239078298	0.04350391748582574	0.04771598283724628
Hemophore/metalloprotease_transport_system	-0.027399262990296873	-0.055174497254463474	-0.01695699087586575
Histidine_biosynthesis_PRPP_to_histidine	-0.028001701117460337	0.02495945103548862	-0.022981183397187546
Histidine_degradation_histidine_to_N-formiminoglutamate_to_glutamate	-0.03538050579665885	0.008100618769991583	-0.001160707650459886
Histidine_transport_system	0.015801126000496244	0.07483156310496962	-0.035312084748366744
Homoprotocatechuate_degradation_homoprotocatechuate_to_2-oxohept-3-enedioate	-0.03802143016580692	0.033300093513821245	0.018406459146148555
Hydroxyproline_transporter_system	-0.0744587263472749	-0.04894270501691162	0.1206990836878971
Hydroxypropionate-hydroxybutylate_cycle	-0.030641629037681122	-0.023419235826827877	0.003927606420783359
Incomplete_reductive_citrate_cycle_acetyl-CoA_to_oxoglutarate	-0.029957268912079584	-0.005363428553228628	-0.008328974919378857
Inosine_monophosphate_biosynthesis_PRPP___glutamine_to_IMP	-0.0304732201815708	0.030429247965822463	-0.023415272124851907
Inositol-phosphate_transport_system	0.012555141637897	0.05161133223633984	0.08618772247467994
Inositol_transport_system	-0.028150013576802174	-0.04315702566712845	-0.02491442733634044
Iron/zinc/manganese/copper_transport_system	0.046926319870740245	0.032220810118338786	-0.0023038593294516007
IronIII_transport_system	-0.02595652214092945	-0.0027332123636275205	-0.034194039219818076
Iron_complex_transport_system	-0.0179716516213268	0.07230731990824803	-0.08070836984594158
Isoleucine_biosynthesis_pyruvate_to_2-oxobutanoate	-0.029213347039747612	0.016039281175567743	-0.017192166834471837
Isoleucine_biosynthesis_threonine_to_2-oxobutanoate_to_isoleucine	-0.02981567564534059	-0.0022464128006628014	-0.0023803388215551916
L-Arabinose/lactose_transport_system	0.022841271017031792	-0.005508419301554138	0.021764627332767152
L-Arabinose_transport_system	0.013079799744690793	0.05810173545279157	0.05597383758490334
L-Cystine_transport_system	-0.005353754004530188	0.08003255479219815	-0.07580149553187823
Lantibiotic_transport_system	-0.0017559381090411347	0.02110297062855514	0.015413060309682152
Leucine_biosynthesis_2-oxoisovalerate_to_2-oxoisocaproate	-0.02769012784820305	0.015844965014736114	-0.01834762465379095
Leucine_degradation_leucine_to_acetoacetate___acetyl-CoA	-0.029726127953793535	6.291438681469731e-05	-0.002797004422503563
Lipooligosaccharide_transport_system	-0.022102661466855848	-0.09206346711369373	-0.04003060681029853
Lipopolysaccharide_export_system	-0.03563673050107194	0.052436720678962365	-0.00758598582707789
Lipopolysaccharide_transport_system	-0.03274656524709281	-0.0571696025171705	-0.027510993131251084
Lipoprotein-releasing_system	-0.03418374652393601	0.055371974486618104	-0.010009566814174984
Lysine/arginine/ornithine_transport_system	0.0009470669402521805	0.07349407824546716	-0.016891608860814374
Lysine_biosynthesis_2-oxoglutarate_to_2-oxoadipate	0.039743537756931555	0.014665549313937458	0.06351006018723353
Lysine_biosynthesis_AAA_pathway_2-oxoglutarate_to_2-aminoadipate_to_lysine	-0.030062747856705704	-0.007048496199856761	-0.02411673189709368
Lysine_biosynthesis_DAP_aminotransferase_pathway_aspartate_to_lysine	-0.02991814812655742	0.014264206141801652	-0.016252841114000518
Lysine_biosynthesis_DAP_dehydrogenase_pathway_aspartate_to_lysine	-0.029323005117661196	0.020141063022932053	-0.01745407755447597
Lysine_biosynthesis_acetyl-DAP_pathway_aspartate_to_lysine	-0.029477177987604155	0.014944150575074614	-0.017589907975081413
Lysine_biosynthesis_mediated_by_LysW_2-aminoadipate_to_lysine	-0.00850734268492355	-0.01961321158387564	-0.00917682902368502
Lysine_biosynthesis_succinyl-DAP_pathway_aspartate_to_lysine	-0.029758594937811165	0.013864314786945055	-0.0165154117749361
Lysine_degradation_lysine_to_saccharopine_to_acetoacetyl-CoA	-0.02964046182546449	0.019569327726441717	0.00015319000042547543
Malonate_semialdehyde_pathway_propanoyl-CoA_to_acetyl-CoA	-0.03371324893913445	-0.01155740310530085	0.02352804042526806
Maltose/maltodextrin_transport_system	-0.02829332545278181	-0.054480800729510274	-0.017244330001157715
Manganese/iron_transport_system	-0.005382141734541025	0.056707967359998425	-0.015206132986289542
Manganese/zinc/iron_transport_system	0.014281681319409748	0.0035800622451490232	-0.029467316968461596
Manganese/zinc_transport_system	0.16208439106223088	0.04705127620826941	-0.05342678332999833
Manganese_transport_system	0.012997198700362953	0.027440255911716727	0.12149025030552699
Mannopine_transport_system	0.014996932875130575	0.04094305622133382	0.1009260684285974
Mce_transport_system	-0.031657110734042225	0.013162430716407407	0.021144934436687867
Menaquinone_biosynthesis	-0.02565166828323804	0.004717587083431985	-0.029075783046709738
Methane_oxidation_methanotroph_methane_to_formaldehyde	-0.01119456857823335	0.030003751731619788	0.1609963023865262
Methanogenesis_CO2_to_methane	-0.03800463405764777	-0.08365246362138652	0.022592733645220575
Methanogenesis_acetate_to_methane	-0.029229724591022115	0.011907780253305836	-0.013468524917065832
Methanogenesis_methanol_to_methane	-0.025084905510844305	-0.03395744953082028	0.00037088861768835114
Methanogenesis_methylamine/dimethylamine/trimethylamine_to_methane	-0.03406647276912422	-0.07001249573547781	0.009195722129720588
Methionine_biosynthesis_apartate_to_homoserine_to_methionine	-0.030646933979865752	0.004908643169843539	-0.0009706972881075399
Methionine_degradation	-0.029948325315099115	0.017886356049530823	-0.016952426068366385
Methyl-galactoside_transport_system	0.10789662751128358	0.02255577913604945	0.133478057077724
Methylaspartate_cycle	-0.029056351548383107	0.010584690965753428	-0.019421136614351985
Microcin_C_transport_system	-0.03693660619440285	0.05396101332206501	0.016985804569676227
Molybdate/tungstate_transport_system	0.02620902937123583	0.016911573772996492	0.05513282629440261
Molybdate_transport_system	-0.030560026877026632	0.004933931741147135	-0.01345500537679154
Multicomponent_Na_/H__antiporter	-0.0053218384435400525	-0.0012206990299577572	-0.08797320797530649
Multidrug/hemolysin_transport_system	0.02947937654802605	-0.06398869814912264	-0.0066435790299392665
Multiple_sugar_transport_system	0.0061542617565000565	-0.023257270884867235	-0.1262942961462259
N-Acetylglucosamine_transport_system	0.0002510657356891857	-0.03713393614499073	-0.00457896283827788
N_N'-Diacetylchitobiose_transport_system	-0.02624145751709374	-0.0723963852263885	-0.01869589951304151
Na_-transporting_0DH:ubiquinone_oxidoreductase-	0.07252361729354088	0.1657291606969408	-0.018457982795226972
Naphthalene_degradation_naphthalene_to_salicylate	0.020991647841719592	-0.005917983230785419	0.05862608172418984
Neutral_amino_acid_transport_system	-0.0117397709658405	-0.10225188071510319	-0.06647214511995386
Nickel_transport_system	-0.0019630148619645647	0.017522981122377036	-0.12795436449130732
NitT/TauT_family_transport_system	-0.03491151495064645	-0.04326651849515972	0.019815291947391855
Nitrate_assimilation	-0.021370925644023094	0.02598410369042735	-0.053101815120730214
Nitrification_ammonia_to_nitrite	0.028773367077837078	0.02700928105998852	0.09500400848480219
Nitrogen_fixation_nitrogen_to_ammonia	0.08976228331051414	-0.08858604365682826	0.013151796713742886
Non-phosphorylative_Entner-Doudoroff_pathway_gluconate/galactonate_to_glycerate	-0.029760667424125486	-0.08276870778924549	0.002742044722576051
Nucleotide_sugar_biosynthesis_eukaryotes	-0.0254769011877288	-0.0073240584786597495	-0.02971655495215876
Nucleotide_sugar_biosynthesis_galactose_to_UDP-galactose	-0.030636867622671624	-0.04669638331375166	-0.02774948344750838
Nucleotide_sugar_biosynthesis_glucose_to_UDP-glucose	-0.029526584756457884	0.004025610592811153	-0.01994904873054425
Octopine/nopaline_transport_system	0.008385305229711109	0.028376440032549008	0.024828127019259915
Oleandomycin_transport_system	-0.021261760486652972	-0.058065792164466244	0.07778944223778234
Oligogalacturonide_transport_system	0.0508290211613143	-0.0698823406631523	0.024855951616692018
Oligopeptide_transport_system	-0.023879815275380693	0.0026924332932396493	-0.06499801786449103
Ornithine_biosynthesis_glutamate_to_ornithine	-0.029228984609641896	0.029720085611742084	-0.015450556256316951
Ornithine_biosynthesis_mediated_by_LysW_glutamate_to_ornithine	-0.01683686612079497	0.07182799224707163	0.057726522339518783
Osmoprotectant_transport_system	-0.019603744093759628	-0.02451088727265243	-0.044869027339865766
PRPP_biosynthesis_ribose_5P_to_PRPP	-0.02812387371493225	0.027976583545886495	-0.013214196856959503
PTS_system_2-O-A-mannosyl-D-glycerate-specific_II_component	-0.00449706838812717	-0.03014705490603893	-0.0040391330986571505
PTS_system_D-glucosaminate-specific_II_component	0.09076483357229942	-0.03466158457410737	-0.03203308463527843
PTS_system_N-acetylgalactosamine-specific_II_component	0.014772881811696116	-0.07777308641268173	0.09824349788886517
PTS_system_N-acetylglucosamine-specific_II_component	-0.006503591003582366	0.04509002579416671	-0.03830659627202154
PTS_system_N-acetylmuramic_acid-specific_II_component	0.025530873932403848	0.017308176059913024	0.12611625430315274
PTS_system_alpha-glucoside-specific_II_component	0.023635621136436667	0.02012204576258002	0.12356285500286801
PTS_system_ascorbate-specific_II_component	-0.027076682589383557	-0.08055848464367898	0.11328826585853555
PTS_system_beta-glucoside-specific_II_component	0.02062930798133316	-0.058552122653499135	0.09161079853801433
PTS_system_beta-glucoside_arbutin/salicin/cellobiose-specific_II_component	0.0221471460641234	0.013860740907465714	0.1232529986341056
PTS_system_cellobiose-specific_II_component	0.07204744295753882	0.017712276134273165	-0.0035357108425984446
PTS_system_fructose-specific_II-like_component	0.10718037751820542	-0.09603827308600948	-0.016501794327664333
PTS_system_fructose-specific_II_component	0.0012858729382410829	0.03741598908044233	-0.09077079651198387
PTS_system_fructoselysine/glucoselysine-specific_II_component	0.11187586063706731	-0.05723714434563188	0.015841731777543933
PTS_system_galactitol-specific_II_component	0.1346023659982566	-0.06289147678657662	-0.005426730348205924
PTS_system_galactose-specific_II_component	-0.00587401927662634	-0.007365484469054416	-0.00015350849812629247
PTS_system_glucitol/sorbitol-specific_II_component	0.011530300129735759	-0.010228504785061378	0.056456999213151865
PTS_system_glucose-specific_II_component	0.034086645566599114	0.06963617671685943	-0.010090332977229721
PTS_system_lactose-specific_II_component	0.0007607722435338535	-0.009418611009931525	-0.0010042542764778146
PTS_system_maltose-specific_II_component	0.020665850662011487	0.010515964873562576	0.13302567267809978
PTS_system_maltose/glucose-specific_II_component	0.028094813615793697	0.035438027829255266	0.11327403850332685
PTS_system_mannitol-specific_II_component	0.023591655277133222	-0.007813145957951104	-0.001429673242417735
PTS_system_mannose-specific_II_component	-0.031497556159524695	0.045880710938667316	0.002554911936790691
PTS_system_sorbose-specific_II_component	0.04211076592772454	-0.04279364323517865	-0.02685102313298209
PTS_system_sucrose-specific_II_component	0.04415667625483613	-0.10618979678765009	0.03592385990149476
PTS_system_trehalose-specific_II_component	0.01962483124512341	0.04211842441039089	0.12270239106574915
Pentose_and_glucuronate_interconversions	-0.029240730881634407	-0.024050412638926145	-0.022128290519675402
Pentose_phosphate_pathway	-0.03868635341962079	-0.09189026693881226	0.024055495806484757
Pentose_phosphate_pathway_Pentose_phosphate_cycle	-0.02955887888548346	-5.759820716385797e-05	-0.008246479134671941
Pentose_phosphate_pathway_archaea_fructose_6P_to_ribose_5P	-0.0377923788639471	0.04523152591375278	0.007231915227243762
Pentose_phosphate_pathway_non-oxidative_phase_fructose_6P_to_ribose_5P	-0.03072080148043203	0.007607179537191966	-0.010060667334048498
Pentose_phosphate_pathway_oxidative_phase_glucose_6P_to_ribulose_5P	-0.029467504201842767	-0.030959047545320886	-0.0017366534393994327
Peptides/nickel_transport_system	-0.025153407739431692	-0.045726333212694086	-0.013147759360101274
Phenylalanine_biosynthesis_chorismate_to_phenylalanine	-0.027065239258879888	0.04526373444123913	-0.019840534791929168
Phosphate_acetyltransferase-acetate_kinase_pathway_acetyl-CoA_to_acetate	-0.03285216277718065	0.045171117465687284	-0.017092619776268275
Phosphate_transport_system	-0.025808516564839342	0.01215505610997701	-0.02321358509109855
Phospholipid_transport_system	-0.03249201188468561	0.02144924609222115	0.01907554715705965
Phosphonate_transport_system	-0.02622621273268057	0.030730684555389864	-0.04889985934222808
Photorespiration	-0.028847714290491686	0.011086534742281051	-0.025590115718101054
Photosystem_I	0.00809607440032657	-0.054943413591944136	0.06026320197426654
Photosystem_II	0.03548904781133892	-0.04070075673044438	0.01552367000099861
Phthalate_degradation_phthalate_to_protocatechuate	-0.05181111289472065	-0.07510202446273476	0.08468682471975629
Polysaccharide_Lyases	-0.02640667410954383	-0.0023973795400798257	-0.05120327335438213
Proline_biosynthesis_glutamate_to_proline	-0.027525490184240005	0.037004984008637776	-0.02402985898847001
Propanoyl-CoA_metabolism_propanoyl-CoA_to_succinyl-CoA	-0.026643103177395735	-0.056918645967534306	-0.01354228231948282
Putative_ABC_transport_system	-0.03484145395259354	-0.0344598810196503	0.003533865013296616
Putative_S-methylcysteine_transport_system	0.01937965608587379	-0.026611003648761938	0.1646766356008087
Putative_aldouronate_transport_system	0.02268102206331485	0.0016812585397951996	-0.09301487412308758
Putative_chitobiose_transport_system	-0.012961990838113465	-0.00715801554528068	0.02680189380094519
Putative_fructooligosaccharide_transport_system	-0.02548032920858436	-0.07081233320468397	-0.02473050649275287
Putative_hydroxymethylpyrimidine_transport_system	-0.02422669513254233	-0.05495238054932769	-0.013447839437088303
Putative_lysine/arginine/ornithine/histidine/octopine_transport_system	0.022624304090011805	0.05722211254804533	0.07086762662648537
Putative_lysine_transport_system	0.10663301123826902	-0.0767012688628144	-0.00927109490961683
Putative_multiple_sugar_transport_system	-0.022197765230138496	-0.07080945814714028	-0.03369578244454277
Putative_polar_amino_acid_transport_system	-0.0328218578275585	-0.0035478017853866855	-0.002503401518018635
Putative_simple_sugar_transport_system	-0.03155046508331168	-0.030545402436898066	0.0074380045504885695
Putative_sn-glycerol-phosphate_transport_system	-0.018338160153181706	0.04676876492319585	-0.060567925573851066
Putative_sorbitol/mannitol_transport_system	-0.028405208484422427	-0.05915481953468573	-0.013675569255533307
Putative_spermidine/putrescine_transport_system	-0.031270210517183844	-0.04788425341506782	0.0021058405280434435
Putative_thiamine_transport_system	0.04045051873188394	0.02965477010580865	0.07627078437290698
Putative_xylitol_transport_system	0.04266779505373683	0.0016117059902535401	0.0417016282312951
Putative_zinc/manganese_transport_system	-0.030971303263331827	0.01780921749106868	0.01667962121396392
Putrescine_transport_system	-0.0398545590853306	0.09834862160080862	0.03964431568147263
Pyrimidine_degradation_uracil_to_beta-alanine_thymine_to_3-aminoisobutanoate	-0.041787975840651616	-0.03716336122325817	5.035854505807631e-05
Pyrimidine_deoxyribonuleotide_biosynthesis_CDP/CTP_to_dCDP/dCTP_dTDP/dTTP	-0.029722038645663817	0.04641300525805602	-0.018486607061108287
Pyrimidine_ribonucleotide_biosynthesis_UMP_to_UDP/UTP_CDP/CTP	-0.02975066001556616	0.021648098538979817	-0.026567152119114874
Pyruvate_oxidation_pyruvate_to_acetyl-CoA	-0.028508827937239682	0.015743207606313158	-0.015318347075272297
R0_polymerase_III_eukaryotes	0.007681549561644563	-0.06875516923556771	0.0667112876681859
R0_polymerase_II_eukaryotes	-0.008415545787691289	-0.09666809769972746	0.1265497466733818
R0_polymerase_I_eukaryotes	0.03790959857456716	-0.08104676226402788	0.005884132128986305
R0_polymerase_archaea	0.09183157401438061	0.07304528628512284	0.1553746330376332
R0_polymerase_bacteria	-0.02247635430127792	0.023971645124722076	-0.03561547683043922
RNF_complex	-0.0013465944837791396	0.1731377422490521	-0.027508277229225567
RTX_toxin_transport_system	-0.04331105625953185	0.027703462990429136	0.03433796780837424
Raffinose/stachyose/melibiose_transport_system	-0.021966916610574615	-0.0736411256418695	-0.02795368265149779
Reductive_acetyl-CoA_pathway_Wood-Ljungdahl_pathway	-0.027227104459962438	0.008974097069888146	-0.020062778553599062
Reductive_citrate_cycle_Arnon-Buchanan_cycle	-0.02791298225760483	0.012891388930881533	-0.019782774586057605
Reductive_pentose_phosphate_cycle_Calvin_cycle	-0.0288006024694404	0.016818384469414905	-0.017264334837528934
Reductive_pentose_phosphate_cycle_glyceraldehyde-3P_to_ribulose-5P	-0.030041511215378364	0.01131597350860475	-0.015193253944282455
Reductive_pentose_phosphate_cycle_ribulose-5P_to_glyceraldehyde-3P	-0.026454044199441203	0.0301967424761036	-0.021509242912954404
Rhamnose_transport_system	-0.028148894750654626	-0.07995629975813712	-0.03137222446944436
Ribose_transport_system	-0.030084664612386715	-0.05162770818086689	-0.0027164765481435776
Ribosome_archaea	-0.024127293785831512	0.032000436113499696	-0.032122847031628154
Ribosome_bacteria	-0.024555560724404714	0.0304129890550248	-0.030081144787547795
Ribosome_eukaryotes	0.005185450134954758	0.0029792091669471016	0.0805472016252315
SCFA__and_alcohol_conversions	-0.03380188805390469	-0.0007083166219615113	0.00799287517803429
Salicylate_degradation_salicylate_to_gentisate	0.0038352873304895695	-0.01002782321386711	0.04446703118240653
Semi-phosphorylative_Entner-Doudoroff_pathway_gluconate/galactonate_to_glycerate-3P	-0.001586106549623493	0.03344028197076615	0.002225942179482179
Semi-phosphorylative_Entner-Doudoroff_pathway_gluconate_to_glycerate-3P	-0.027006380059268167	0.03068618224157646	-0.03250809284878171
Serine_biosynthesis_glycerate-3P_to_serine	-0.028195827139988756	0.014430409702882186	-0.0115740461373958
Shikimate_pathway_phosphoenolpyruvate___erythrose-4P_to_chorismate	-0.028104903046365655	0.017653153235173063	-0.021997488047544235
Siroheme_biosynthesis_glutamate_to_siroheme	-0.028933294918387517	0.011313815136409553	-0.018383394217900525
Sodium_transport_system	-0.03251338806948398	0.027557063673852307	0.04186667137515548
Spermidine/putrescine_transport_system	-0.02981300036805069	-0.04534401050053244	-0.006911600177824471
Starch_and_sucrose_metabolism	-0.02967246108067134	-0.05853119073395967	-0.013358557728990026
Subtype_I-A_factors	0.1380447114253758	0.007551240014970994	0.016127121699410985
Subtype_I-B_factors	0.15207367656782736	-0.011451342059365259	0.004228225741127989
Subtype_I-C_factors	0.049052399852800126	0.029610277841848165	0.0728340621735074
Subtype_I-D_factors	0.09059630610426944	0.061832724628841707	0.0556259502125097
Subtype_I-E_factors	0.15145585985862203	0.032595459293302	0.029277637694270258
Subtype_I-F_factors	0.14399066312031017	0.08730332443166075	-0.07172455467954363
Subtype_I-U_factors	0.09900681158139986	-0.07303900011574851	-0.0024295089815963684
Subtype_II-A_factors	0.0160165241683595	-0.0735881622752441	0.01978157081746084
Subtype_II-B_factors	0.14649650238010253	-0.0172404711261072	0.009577702843562855
Subtype_III-A_factors	0.155617103488074	-0.01898902981111313	-0.09413781364882394
Subtype_III-B_factors	0.16500595134151494	0.020500388628241127	-0.004455356102992599
Subtype_III-U_factors	-0.03286797006113816	-0.08320328561486807	0.07551597843715081
Succinate_dehydrogenase_prokaryotes	-0.0251343419477091	0.022607003748362543	-0.036310562436397964
Succinate_dehydrogenase_ubiquinone	0.1275819580303896	-0.07735069458893946	-0.03499565318924014
Sulfate/thiosulfate_transport_system	-0.04629778138569063	0.017781831754032713	0.05576856091205224
Sulfonate_transport_system	-0.03596919629810789	0.03933299696036364	0.029274999090032467
TCA_/Reductive_TCA	-0.02381917765007227	-0.015051659528933087	-0.027453060948764298
TMAO	0.08927188869775476	-0.04349207325351657	-0.01704191204093168
Taurine_transport_system	-0.033687039758658145	0.10721060870296054	0.005119036119708667
Teichoic_acid_transport_system	-0.02226591067596568	-0.0527515443647843	0.0022480622613380006
Terephthalate_degradation_terephthalate_to_3_4-dihydroxybenzoate	0.11948081888482509	0.018154637942814716	-0.06294913397333862
Tetracycline_resistance_TetA_transporter	-0.03366926597607899	0.04477569664920981	0.016720843289967938
Thiamine_transport_system	-0.014990191310942648	0.02190696158614601	-0.09681218402838339
Thiosulfate_oxidation_by_SOX_complex_thiosulfate_to_sulfate	-0.046531296552580655	-0.028442172402332266	0.052809887437518736
Threonine_biosynthesis_aspartate_to_homoserine_to_threonine	-0.029444198369634658	0.015948911416326084	-0.019699170936802707
Toluene_degradation_anaerobic_toluene_to_benzoyl-CoA	0.0013753813613730259	-0.038895075721965794	0.0057412390645958525
Toluene_degradation_toluene_to_benzoate	-0.03965761704152632	-0.01725931879045677	0.06614268657368406
Trans-cinnamate_degradation_trans-cinnamate_to_acetyl-CoA	-0.03414829086255484	0.001630225759164662	0.02349433880781238
Trehalose/maltose_transport_system	-0.020987266742728276	-0.05624589304743019	-0.03203565771082578
Trehalose_transport_system	-0.025507780683001736	0.0882741590666989	0.15075185851729808
Tryptophan_biosynthesis_chorismate_to_tryptophan	-0.029525361085577444	0.02135141907986379	-0.01960758072388807
Tungstate_transport_system	-0.03388607484153981	-0.08094539727165409	-0.0073831326306177895
Type_III_signiture_cas_proteins	0.19662400728778598	-0.037108985075069795	-0.09052607764463569
Type_II_signiture_cas_proteins	0.04945382436839644	0.016290110773076096	0.1440170641133944
Type_I_signiture_cas_proteins	0.029044281766887094	0.15286855767411603	0.054229751099506916
Tyrosine_biosynthesis_chorismate_to_tyrosine	-0.02859949276545392	0.048937315555420344	-0.025477951407519173
Tyrosine_biosynthesis_prephanate_to_pretyrosine_to_tyrosine	-0.03232340129068193	0.09608853663818984	-0.004624119628929817
Tyrosine_degradation_tyrosine_to_homogentisate	-0.03383128740473613	-0.025551703433587807	0.001410323992683561
Ubiquinone_biosynthesis	-0.03531023076221346	0.04425986436424927	-0.008018360453722955
Uncharacterized_ABC_transport_system	0.01766792515807099	-0.06868369991287124	0.06538041484946949
Universal_Cas_proteins	0.06422960558801699	0.1208671888484929	0.03887906345909267
Urea_cycle	-0.02807251130022042	0.009824720727570718	-0.020619001526741922
Urea_transport_system	-0.03281001198228932	-0.03062793838978567	0.0244831356955734
Uridine_monophosphate_biosynthesis_glutamine___PRPP_to_UMP	-0.029737322147016392	0.023084281123630885	-0.019069632162805366
V-type_ATPase_eukaryotes	0.06529255807085385	-0.057240788650691446	0.04781580516692941
V/A-type_ATPase_prokaryotes	0.020638175184699653	0.06821192751539847	-0.011918064622671108
Valine/isoleucine_biosynthesis_pyruvate_to_valine_/_2-oxobutanoate_to_isoleucine	-0.029461366818459473	-0.0028641489102649857	-0.0018332676518288606
Vitamin_B12_transport_system	0.06597601387822181	-0.06680193083828488	0.09389372956197148
Xylene_degradation_xylene_to_methylbenzoate	-0.0341169993886167	-0.01225901653654539	0.019203319289261625
Xylobiose_transport_system	0.03193259707052024	0.04167466161643054	0.024002374338686634
Zinc_transport_system	-0.013970282536085123	0.05689887033718877	-0.11925451933795571
aerobic_gallate_degradation	0.061032332894406356	-0.0016113997627906225	-0.050727042072545234
alpha-1_4-Digalacturonate_transport_system	0.06748853582612183	0.05423340843027692	0.010479492505103594
alpha-Glucoside_transport_system	-0.02269772147896069	-0.07687711806753769	-0.04155756505460832
alpha-Hemolysin/cyclolysin_transport_system	-0.04229766319017732	0.02238195327412259	0.037123296925510633
anaerobic_gallate_degradation_gallate_to_3-hydroxybutanoyl-CoA	0.03346707850040993	-0.03022900582990058	-0.017310913772511993
beta-Oxidation_peroxisome_VLCFA	-0.014173474564738097	0.03337977707484737	-0.03702598759648624
beta-Oxidation_peroxisome_tri/dihydroxycholestanoyl-CoA_to_choloyl/chenodeoxycholoyl-CoA	0.016922012086544768	-0.008571302314313358	0.037443205341353404
fermentation-	-0.02992996950528678	0.05845352632251917	-0.04560796440997559
gamma-Hexachlorocyclohexane_transport_system	-0.03167354662057212	0.018388312345817077	0.018337978810926928
hydrogenase	-0.04218878777861525	-0.07381825327584375	0.025134709116610556
lignin_subunit_degradation	-0.0420472044231087	-0.05559561205317189	0.06076235292269159
peptidase	-0.02984355953155351	0.0015556695752926024	-0.006481712685530006
polyphenols	-0.028145428534000302	0.03875576019961876	-0.01875911715132827
protocatechuate_degradation_protocatechuate_to_3-oxoadipate	-0.037803687254576744	-0.028947961338926593	0.03364201430015097
protocatechuate_degradation_protocatechuate_to_oxaloacteate___pyruvate	-0.035518404724098195	-0.029237434046313737	0.02316252683995905
pyruvate_metabolism	-0.027861347553860067	-0.004148258497196003	-0.025923851006245315
rhodanase	-0.028130399997159418	-0.017642577317547196	-0.015384215420130307
tetrathionate_to_thiosulfate	0.10268797150389491	0.05327799607637034	-0.042691709724158824
thiosulfate_reductase_/_polysulfide_reductase_chain_A_[EC:1.8.5.5]	0.16272762719722655	-0.0868016276513012	-0.03129313329734863

Site	374	3
soil.hip.UTK.K016.11.2017.06.10.day17	-0.009042404606122118	0.02347626768573596	-0.01662121843481349
soil.hip.UTK.K016.11.2017.06.08.day15	-0.0022172685208424747	0.004675062003122166	0.007776512913675038
soil.hip.SHSU.2016.024.2016.05.03.day19	0.007533413874877132	0.10812545855716038	0.009729212997131198
soil.hip.SHSU.2016.076.2016.11.26.day5	-0.07567119410886969	0.002108598832290698	0.06603029045809028
soil.hip.SHSU.2016.024.2016.04.23.day9	-0.030496193708574176	0.05158704139736433	0.013313960363032987
soil.hip.SHSU.2016.067.2016.09.16.day1	-0.06531893439467128	-0.05453932735427272	0.08822802762802334
soil.hip.SHSU.2016.072.2016.11.23.day20	-0.012902440666746484	0.07037185870594698	0.011616133132208953
soil.hip.CMU.17.10.2017.08.28.day20	0.016054949520014836	0.07750777791627522	-0.08506246432685236
soil.hip.SHSU.2016.024.2016.04.20.day6	-0.012997879649586309	0.09809295859226816	0.025860693994328738
soil.hip.UTK.K016.01.2016.04.16.day12	0.022598133922502355	0.09372088467383168	0.02832050535447087
soil.hip.UTK.K016.02.2016.05.02.day20	-0.05752828383426353	-0.0031871552487743203	-0.017625501242766996
soil.hip.SHSU.2016.011.2016.04.26.day12	-0.037920277141451464	0.09322711981557819	0.0060619423671233325
soil.hip.UTK.K016.01.2016.04.10.day6	0.019530459187784587	-0.05597205803090483	0.05825179919952832
soil.hip.UTK.K016.02.2016.04.29.day17	0.005193810712478124	0.007172090764911716	0.038225123584333436
soil.hip.UTK.K016.05.2016.10.10.day15	-0.0008117254230318679	0.047349938656776835	-0.04391108164256458
soil.hip.UTK.K016.03.2016.05.19.day14	-0.03531099377967662	0.006128870291143085	0.02224963117657618
soil.hip.UTK.K016.03.2016.05.21.day16	-0.039846989562250405	-0.044003923310968904	0.006484819757792656
soil.hip.UTK.K016.10.2017.05.25.day1	-0.03191693874169263	-0.08570840303502808	-0.024287079400684315
soil.hip.UTK.K016.01.2016.04.15.day11	-0.011858172654158235	0.0778224959695502	0.006823132224606846
soil.hip.UTK.K016.04.2016.10.09.day14	0.028740656011528965	0.1391418645603477	-0.013469540693605522
soil.hip.SHSU.2016.024.2016.04.15.day1	-0.0047715838460306815	-0.03356197998564216	0.09294846186842437
soil.hip.UTK.K016.01.2016.04.20.day16	0.06455413356033131	0.10121745530712158	0.031402336928865016
soil.hip.SHSU.2016.067.2016.09.20.day5	-0.08464981187668898	-0.0394399557008882	0.08035906799433727
soil.hip.SHSU.2016.024.2016.04.30.day16	0.2425369935542021	0.014251265040057512	0.07341860568688366
soil.hip.SHSU.2016.076.2016.11.30.day9	-0.036311397305265676	-0.022835283690680067	0.11695076779450714
soil.hip.UTK.K016.08.2017.Jan.17.day11	-0.06734593770263063	-0.08642827780344958	-0.060823640081110145
soil.hip.UTK.K016.10.2017.05.31.day7	0.04085948146197452	-0.039911728704090065	0.017496072938729214
soil.hip.UTK.K016.12.2017.05.27.day3	-0.034864928333040016	-0.09099561781601871	-0.018797166218776036
soil.hip.UTK.K016.12.2017.05.25.day1	-0.004571880467386479	-0.07916373375065378	0.0034991839624949166
soil.hip.UTK.K016.05.2016.10.09.day14	-0.008144769031720046	0.06675796828060425	-0.02995215174560329
soil.hip.SHSU.2016.007.2016.04.21.day7	-0.04363921731390803	0.10314822820906736	-0.001004754847104973
soil.hip.UTK.K016.05.2016.10.08.day13	0.007478040868056099	0.04366870806897992	-0.02397805888103572
soil.hip.SHSU.2016.011.2016.04.21.day7	0.029397624145937117	0.05854587134801055	0.030187344512806295
soil.hip.UTK.K016.10.2017.05.27.day3	0.011793293522770948	-0.06379882316036467	0.015405063133251025
soil.hip.UTK.K016.08.2017.Jan.20.day14	-0.02206661922031741	-0.07137168133465112	0.03288921869693966
soil.hip.CMU.16.05.2016.mo.day9	0.06317955966193482	-0.014240934360569904	-0.1166786871549874
soil.hip.UTK.K016.11.2017.05.30.day6	-0.049858751926841846	-0.06243620565173075	-0.0424761033890908
soil.hip.UTK.K016.02.2016.04.15.day3	-0.041420324042918566	-0.07222450567960315	0.030854500668095766
soil.hip.UTK.K016.10.2017.06.09.day16	-0.014099152444731177	-0.017544633396966696	-0.001874438544666522
soil.hip.UTK.K016.03.2016.05.18.day13	-0.018925490515912066	0.026879662291081293	0.007177382122553496
soil.hip.UTK.K016.06.2016.10.25.day21	-0.01928212081034537	0.07134325174249077	-0.04851693714560894
soil.hip.UTK.K016.03.2016.05.08.day3	0.0655249601927206	-0.04643472171069213	0.06900132344918494
soil.hip.UTK.K016.05.2016.10.16.day21	-0.006935809779237339	0.05597371985884289	-0.02176023775659686
soil.hip.CMU.17.10.2017.08.24.day16	-0.029574866037457827	-0.01522055568092192	-0.10825113430328018
soil.hip.SHSU.2016.011.2016.04.15.day1	-0.06367534829361679	-0.04642302822692791	0.09015110459053469
soil.hip.UTK.K016.03.2016.05.06.day1	-0.00971528962607617	-0.06189884362934598	0.050987285333470495
soil.hip.UTK.K016.11.2017.06.12.day19	0.04396381656845146	-0.012521659873443766	0.015009083868601482
soil.hip.CMU.16.09.2016.08.05.day11	0.19905787342272588	-0.04683185601914882	-0.047136492288506124
soil.hip.SHSU.2016.007.2016.04.15.day1	-0.1031365438569346	-0.040336459322402235	0.07461210073963111
soil.hip.UTK.K016.04.2016.10.15.day20	0.03129223057091368	0.07025219404096683	-0.027733030868836564
soil.hip.SHSU.2016.007.2016.04.18.day4	-0.01201562178995381	-0.009384054975966664	0.10556151181008222
soil.hip.SHSU.2016.024.2016.04.21.day7	0.0005247106668907977	0.07483654753279517	0.019664726674653073
soil.hip.SHSU.2016.011.2016.04.18.day4	-0.0489305840658206	0.04324279749587438	0.028350436560068467
soil.hip.SHSU.2017.043.2017.12.12.day13	-0.008426530746213532	-0.06057515183779526	0.11451609625620529
soil.hip.CMU.17.04.2017.03.day16	0.04810729969363957	-0.030116289304638912	-0.11269501181264828
soil.hip.CMU.16.05.2016.mo.day10	0.14171992500581793	-0.015058806923117389	-0.06439611112595593
soil.hip.SHSU.2016.064.2016.08.28.day4	-0.061882276353523794	0.026296051990326096	-0.015630447894002617
soil.hip.SHSU.2016.064.2016.09.12.day19	-0.0025154159088911286	0.037262327637436234	0.011814214196663904
soil.hip.UTK.K016.11.2017.06.07.day14	-0.0209327667205474	0.016194858813180155	-0.02946538340510481
soil.hip.SHSU.2016.007.2016.04.17.day3	-0.04221520128465158	-0.028766273034955	0.11020150085572564
soil.hip.UTK.K016.12.2017.06.04.day11	-0.05378594332626771	0.010645027245485331	-0.02396962711692842
soil.hip.UTK.K016.11.2017.06.04.day11	-0.008519826587817945	0.004987107674187842	0.001548656240969277
soil.hip.SHSU.2016.007.2016.04.23.day9	-0.04815081207077624	0.07085276150556175	0.013416433990743923
soil.hip.SHSU.2016.067.2016.09.23.day8	0.027299132422144774	-0.015865494595522563	0.06403835991635828
soil.hip.SHSU.2016.011.2016.04.25.day11	-0.02712460491136862	0.08656586389189658	0.0034052928915331675
soil.hip.SHSU.2016.076.2016.12.05.day14	0.010087840275552021	0.02461066453675992	0.07596772149037617
soil.hip.UTK.K016.01.2016.04.21.day17	4.465495907335475e-05	0.11945295442416523	0.014245253397603082
soil.hip.SHSU.2016.064.2016.09.02.day9	-0.03231908585260853	0.09749890011450932	-0.026293941230320732
soil.hip.CMU.16.05.2016.mo.day12	0.14499858788373246	0.0011769010625953535	-0.09986346242915821
soil.hip.UTK.K016.06.2016.10.07.day3	-0.010120677506664	-0.046509836814338276	0.060371433631222965
soil.hip.UTK.K016.06.2016.10.11.day7	-0.0076207753843167605	0.0974374775876972	-0.0244958787472526
soil.hip.SHSU.2016.076.2016.12.02.day11	-0.05953441212263026	-0.022396412951083747	0.056093583841726524
soil.hip.SHSU.2016.024.2016.05.01.day17	-0.05634715816045536	0.07164663825557457	-0.012488106135299977
soil.hip.UTK.K016.06.2016.10.19.day15	0.009932260013621937	0.08080272060625708	-0.01716923157056708
soil.hip.CMU.16.05.2016.mo.day15	0.0925179140731779	-0.0352436906574746	-0.01333220984131243
soil.hip.UTK.K016.08.2017.Jan.15.day9	-0.07684666972961274	-0.08095834549935964	-0.06679443943398468
soil.hip.UTK.K016.12.2017.06.10.day17	-0.0008516796575173299	-0.01426225487189334	-0.008711414224691835
soil.hip.SHSU.2016.024.2016.04.27.day13	-0.036140264074910715	0.06279340712787138	0.017358215674159048
soil.hip.UTK.K016.05.2016.09.27.day2	-0.039160014104492984	-0.07927768399196686	-0.013489558823534451
soil.hip.SHSU.2016.067.2016.09.29.day14	0.0005962953153894593	0.09201970924119346	0.02127250535222966
soil.hip.UTK.K016.12.2017.06.08.day15	-0.05975898928628975	-0.04106584796782084	-0.043129037571335266
soil.hip.UTK.K016.04.2016.10.13.day18	0.008487159934525723	0.14896917092622602	0.00035649287541587166
soil.hip.UTK.K016.03.2016.05.14.day9	-0.034365665040230746	0.010569160991075745	-0.013066596030877535
soil.hip.UTK.K016.10.2017.06.08.day15	-0.01696341858512727	-0.020214467949355077	-0.025166375120658085
soil.hip.UTK.K016.12.2017.06.06.day13	-0.03424577353103736	0.03678990400568965	-0.02901932523131339
soil.hip.SHSU.2016.024.2016.04.19.day5	0.01205952011835947	0.00620403885043328	0.02572627412995972
soil.hip.UTK.K016.08.2017.Jan.19.day13	0.046061525719288385	-0.047779340071468564	0.057024921504152455
soil.hip.UTK.K016.10.2017.05.30.day6	0.17386019060618305	-0.03251475562788237	0.038253553188691086
soil.hip.UTK.K016.06.2016.10.15.day11	-0.005154645907313977	0.07486092489388274	-0.02007088487955159
soil.hip.SHSU.206.072.2016.11.16.day13	-0.025564392670341444	0.015799560503802254	0.06388430915928946
soil.hip.CMU.17.10.2017.08.17.day9	0.024810340869434174	-0.03856656829601322	-0.1010862292010885
soil.hip.UTK.K016.10.2017.06.07.day14	-0.029039089004712606	0.011610713104818484	-0.026662414212704728
soil.hip.CMU.17.04.2017.03.day17	-0.05112667195189879	-0.01925610999085558	-0.14401957160322246
soil.hip.SHSU.2016.024.2016.05.04.day20	-0.014598242769119096	0.08700869039407946	0.011065753131904991
soil.hip.UTK.K016.06.2016.10.22.day18	0.0012337423666145227	0.09130104113676524	-0.019975384912515017
soil.hip.UTK.K016.12.2017.06.07.day14	0.0111915393381695	-0.04709885159241864	0.032238776673674086
soil.hip.CMU.16.05.2016.mo.day2	0.09376088037901241	-0.020440833548100917	-0.10282924471912934
soil.hip.SHSU.2016.076.2016.12.10.day19	-0.10666239633730498	0.028903329990326618	0.060568993239356744
soil.hip.SHSU.2016.011.2016.05.02.day18	-0.0015571704298153815	0.0794854832899978	0.019378474155017734
soil.hip.UTK.K016.06.2016.10.21.day17	-0.012688948557504876	0.08460511584867635	-0.00869964818227999
soil.hip.UTK.K016.07.2017.Jan.17.day11	-0.04624219771645279	-0.07553846644934922	-0.050044987457182756
soil.hip.SHSU.2016.011.2016.05.05.day21	-0.040220331697750654	0.07345041689871289	-0.0018162934444159937
soil.hip.SHSU.2016.024.2016.04.29.day15	-0.0386225051019011	0.05862496410499869	0.005878949716947586
soil.hip.UTK.K016.07.2017.Jan.19.day13	0.03193468800974408	-0.05010143711768376	0.029549944878658835
soil.hip.CMU.17.04.2017.03.day15	0.05069541314112589	-0.04436306270439811	-0.11350721412723658
soil.hip.SHSU.2016.024.2016.05.02.day18	-0.03508669323595494	0.059243821194185295	-0.0012926959827700563
soil.hip.CMU.16.05.2016.mo.day4	-0.03660592637431264	-0.01775828658943824	-0.13803123358516797
soil.hip.SHSU.2016.024.2016.04.18.day4	-0.043359989919787525	0.03530637800692597	0.03070758411115683
soil.hip.SHSU.2016.007.2016.04.28.day14	-0.05173417676198492	0.09059787126477349	-0.01592201743808531
soil.hip.CMU.17.04.2017.03.day20	0.08032187820357563	-0.03262746352973686	-0.08865656545588933
soil.hip.UTK.K016.08.2017.Jan.08.day2	-0.036372308650402925	-0.06213718286004258	0.011271427093872652
soil.hip.CMU.16.05.2016.mo.day1	-0.005266475063514938	-0.01916187774438427	-0.1205266929917526
soil.hip.UTK.K016.02.2016.04.27.day15	-0.06457691734637054	0.004776277371314486	-0.01621439739304358
soil.hip.SHSU.2016.076.2016.11.29.day8	-0.0423023808393355	0.0013312950961062164	0.05564339159059316
soil.hip.CMU.16.09.2016.08.08.day14	-0.01753333920039857	-0.02020590778279201	-0.11578692151471819
soil.hip.UTK.K016.06.2016.10.16.day12	-0.007724632816275799	0.07599799814913243	-0.03281432095984726
soil.hip.UTK.K016.01.2016.04.23.day19	-0.023714075698408946	0.0896978133813997	-0.007037027723244323
soil.hip.UTK.K016.03.2016.05.22.day17	-0.006061007560046814	0.03185764367828682	0.0190050355527841
soil.hip.SHSU.2016.064.2016.09.06.day13	0.004304691272967896	0.0613866048627816	0.01047429242195064
soil.hip.SHSU.2016.067.2016.09.26.day11	-0.002597912589230423	0.08884101219477576	0.015198818965900893
soil.hip.UTK.K016.02.2016.05.03.day21	0.00861112524260232	0.019533302432467013	0.03174466831869278
soil.hip.UTK.K016.10.2017.06.05.day12	-0.0127995146116516	-0.01450024292309166	0.00438639443194948
soil.hip.SHSU.2016.072.2016.11.20.day17	-0.008229414946234815	-0.011705013743976735	0.10966288176646036
soil.hip.UTK.K016.02.2016.04.25.day13	-0.014967856982296938	-0.06498254173581273	0.0143721734941621
soil.hip.SHSU.2016.072.2016.11.08.day5	-0.03897592758610677	-0.056321212665257026	0.09544699218327193
soil.hip.SHSU.2016.072.2016.11.06.day3	-0.03937134628379341	-0.04251843861633474	0.08590718970795416
soil.hip.SHSU.2017.043.2017.12.07.day8	-0.010595159080568226	-0.04854324924248645	0.11587869518677697
soil.hip.UTK.K016.03.2016.05.13.day8	-0.08304566461550691	-0.019841825133639433	-0.06365515262971527
soil.hip.UTK.K016.02.2016.04.18.day6	-0.06716339473970727	-0.08026018182866079	-0.06595838986277308
soil.hip.CMU.17.10.2017.08.10.day2	0.07038189866746165	-0.04020733634546752	-0.0799336894248202
soil.hip.CMU.16.05.2016.mo.day3	-0.05116949992206765	-0.002661698933744003	-0.11672851695469089
soil.hip.SHSU.2016.076.2016.12.06.day15	-0.05352765446416735	0.011223741416679981	0.05131797038033863
soil.hip.SHSU.2016.067.2016.09.17.day2	-0.011375112800362464	-0.04411322931216614	0.09593880892626253
soil.hip.SHSU.2016.007.2016.04.22.day8	-0.043101620687571576	0.08662777844686192	0.0016830890031542013
soil.hip.UTK.K016.10.2017.06.10.day17	-0.026306554005210543	-0.02440188738199987	0.009823520227939182
soil.hip.UTK.K016.08.2017.Jan.14.day8	0.023057132560858996	-0.05455566727047123	0.05197373841165985
soil.hip.UTK.K016.05.2016.09.28.day3	-0.01561608202070604	-0.08616235499556765	-0.02631728113721633
soil.hip.UTK.K016.03.2016.05.12.day7	0.0028931630463268983	-0.05193756804270385	-0.019271849684626155
soil.hip.UTK.K016.08.2017.Jan.09.day3	-0.025497964970212148	-0.06440275076497542	0.012625049569489533
soil.hip.UTK.K016.10.2017.06.03.day10	-0.03752857740531157	-0.05917010455279456	-0.040118121016016604
soil.hip.CMU.17.04.2017.03.day5	0.1744448221082606	-0.041565263145383335	-0.05699147680397427
soil.hip.UTK.K016.07.2017.Jan.11.day5	-0.04230395810612108	-0.07031155470501455	-0.010055131940336647
soil.hip.SHSU.2017.043.2017.12.18.day19	0.06734911018751595	-0.04707712216490753	0.09207308720783025
soil.hip.UTK.K016.08.2017.Jan.06.day1	-0.0045711535558731215	-0.0600520212786093	0.03015444157802072
soil.hip.SHSU.2016.076.2016.11.23.day2	-0.04427466745737594	0.0011821272526205701	0.034186534052731976
soil.hip.SHSU.2016.072.2016.11.13.day10	-0.039697181189725275	-0.04480186769835609	0.07123853426049824
soil.hip.UTK.K016.07.2017.Jan.06.day1	-0.06318009293675517	-0.08168285240982348	-0.01946542537103565
soil.hip.CMU.17.10.2017.08.09.day1	0.031212976754997464	-0.05365023437279508	-0.09755427848165725
soil.hip.SHSU.2016.076.2016.12.04.day13	-0.028327700468350845	0.024901049152949984	0.056930922773396585
soil.hip.SHSU.2016.011.2016.04.22.day8	-0.05491174370301399	0.11718313599093694	0.023001704048247938
soil.hip.SHSU.2016.067.2016.09.25.day10	-0.010496609915933063	0.04053035786688156	0.02128307738471666
soil.hip.UTK.K016.08.2017.Jan.11.day5	-0.031942893689109166	-0.07387381304176448	-0.004270045856179464
soil.hip.SHSU.2017.043.2017.12.01.day2	0.04482698080818217	-0.04021238635904815	0.11831851889318526
soil.hip.CMU.17.10.2017.08.12.day4	0.12194707609682848	-0.04718843219051333	-0.05510703989013516
soil.hip.SHSU.2016.024.2016.04.25.day11	-0.06112614337077048	0.06650698354879948	-0.008394233923046848
soil.hip.UTK.K016.05.2016.10.13.day18	0.010150777830986443	0.08677862880738785	-0.006883119935717295
soil.hip.UTK.K016.11.2017.05.29.day5	-0.04139604944471105	-0.0751101925428087	-0.008999146223527207
soil.hip.UTK.K016.05.2016.09.29.day4	0.14788900519137116	-0.034327486597795484	0.06532547478195828
soil.hip.UTK.K016.04.2016.10.08.day13	0.016269368486566668	0.1298843310504353	-0.024151261905393163
soil.hip.SHSU.2016.064.2016.09.08.day15	-0.009551420576063199	0.10617280208801844	-0.014025350011575281
soil.hip.SHSU.2016.072.2016.11.14.day11	-0.08132260848389565	-0.029916583510780585	0.05488222209854469
soil.hip.UTK.K016.11.2017.06.11.day18	-0.0038104224172435352	-0.0023642830022565925	0.03937096966939417
soil.hip.CMU.16.05.2016.mo.day20	0.007091995116609322	-0.03321845101093785	-0.08861788035176078
soil.hip.CMU.17.04.2017.03.day8	0.08292919701716683	-0.022611919245170156	-0.0945960734670908
soil.hip.SHSU.2016.067.2016.09.18.day3	0.09491153144830025	-0.04038010387403815	0.1041035523579753
soil.hip.UTK.K016.01.2016.04.25.day21	-0.01317919350601724	0.12303116449071771	0.008608165227993722
soil.hip.SHSU.2016.064.2016.09.03.day10	0.023253996466869566	0.07083119282990497	0.028641217250169985
soil.hip.UTK.K016.06.2016.10.06.day2	0.02652369690016395	-0.050087654152331185	0.07513662999360418
soil.hip.SHSU.2016.076.2016.12.11.day20	-0.07095704140544529	0.02943082300991072	0.07456362498819047
soil.hip.CMU.17.10.2017.08.18.day10	0.014751492464912423	-0.012504790572365917	-0.09901508098687259
soil.hip.UTK.K016.11.2017.05.28.day4	-0.04084631854881129	-0.08255583281122297	-0.031006303847295514
soil.hip.CMU.17.04.2017.03.day14	0.09170132305167443	-0.03125977076885706	-0.08857714986974001
soil.hip.UTK.K016.10.2017.06.01.day8	0.09429898000626508	-0.011641923741793864	0.046744811418666266
soil.hip.UTK.K016.08.2017.Jan.22.day16	-0.06657977327168653	-0.09562674726085105	-0.042946377517174575
soil.hip.UTK.K016.07.2017.Jan.15.day9	-0.05123453893159263	-0.07509557904838997	-0.03539717293340521
soil.hip.UTK.K016.05.2016.10.14.day19	0.013760417026290356	0.08548439369297728	-0.01819849071253458
soil.hip.SHSU.2017.043.2017.12.19.day20	-0.030331218543537524	-0.060724945492673064	0.12278195122717708
soil.hip.UTK.K016.08.2017.Jan.24.day18	0.09651215098071424	-0.040305176955397246	0.06040986221405256
soil.hip.UTK.K016.07.2017.Jan.12.day6	-0.07544535879558005	-0.07072453941798121	-0.054917829432402435
soil.hip.CMU.17.04.2017.03.day18	0.042574647766898614	-0.017795824812169597	-0.06662504295495453
soil.hip.UTK.K016.01.2016.04.17.day13	-0.011846248366630124	0.14426794252960917	0.0018407414295370308
soil.hip.UTK.K016.04.2016.10.10.day15	0.020986231947628862	0.10024884753009747	-0.03981539725769887
soil.hip.UTK.K016.01.2016.04.06.day2	0.232502142108243	-0.00082522319871179	0.07468727519005508
soil.hip.UTK.K016.07.2017.Jan.18.day12	-0.0562123500323698	-0.08869296212526806	-0.043599681535770596
soil.hip.UTK.K016.04.2016.10.04.day9	0.02449627082034929	0.10057228311537268	-0.03521023718855247
soil.hip.SHSU.2016.007.2016.04.26.day12	-0.02743284661583964	0.04070102730675614	0.03208883052944084
soil.hip.UTK.K016.02.2016.04.20.day8	-0.03616483654889147	-0.0815123720981304	-0.023793785317012973
soil.hip.SHSU.2016.076.2016.12.03.day12	-0.043606311577504	0.016002834177695893	0.04874497800106522
soil.hip.UTK.K016.02.2016.05.01.day19	0.006183448718922675	-0.010203730507230106	0.020119806822337126
soil.hip.UTK.K016.05.2016.10.12.day17	-0.02539618496004022	0.07334216245907783	-0.04150656814471038
soil.hip.UTK.K016.01.2016.04.18.day14	-0.01559690563789316	0.09936490999644398	-0.012406235379253804
soil.hip.UTK.K016.07.2017.Jan.25.day19	-0.04759437323797878	-0.048667071601417325	-0.03536359233398393
soil.hip.UTK.K016.04.2016.10.07.day12	-0.008936814279103146	0.021382878275339814	-0.044497323935550365
soil.hip.CMU.17.10.2017.08.27.day19	-0.04231808600338237	-0.005583544084548885	-0.10162433320363572
soil.hip.UTK.K016.11.2017.05.27.day3	-0.037180710993195226	-0.08837706310163611	-0.02683410304599955
soil.hip.UTK.K016.03.2016.05.16.day11	-0.03244593873346698	-0.004058844379061847	-0.008250637168315889
soil.hip.SHSU.2016.076.2016.12.07.day16	-0.028331059792602118	0.004718890293016441	0.07779687199043821
soil.hip.UTK.K016.08.2017.Jan.26.day20	-0.06351712602539383	-0.08941522282105624	-0.03987251519827967
soil.hip.UTK.K016.08.2017.Jan.13.day7	-0.06274643781661277	-0.07849803177362166	-0.04551893804357336
soil.hip.SHSU.2016.072.2016.11.05.day2	0.1655131161885421	-0.007885431647272179	0.10907539996033984
soil.hip.UTK.K016.12.2017.05.29.day5	-0.021420648972613053	-0.07339352317025781	-0.011807838598140791
soil.hip.UTK.K016.01.2016.04.12.day8	0.10879731820412053	-0.040459442226928675	0.06138473455871778
soil.hip.UTK.K016.10.2017.06.14.day21	-0.017145024059324374	-0.012755326637119951	0.016386741831828165
soil.hip.SHSU.2017.043.2017.12.15.day16	-0.020110274204580156	-0.034750188048518635	0.10701806775336095
soil.hip.UTK.K016.03.2016.05.10.day5	0.06381993538677053	-0.04223622851027723	0.022999589108202875
soil.hip.UTK.K016.05.2016.10.02.day7	0.0005530327936546926	0.010633867557723282	0.007501925691826022
soil.hip.CMU.16.09.2016.07.29.day4	0.11181776549414428	-0.05331404627621528	-0.07997673036965115
soil.hip.UTK.K016.10.2017.06.02.day9	0.022100899607548265	-0.05452889178691378	0.022430247302433075
soil.hip.UTK.K016.12.2017.06.12.day19	-0.06171609417585412	-0.009227278725809928	-0.05195963748940285
soil.hip.UTK.K016.07.2017.Jan.23.day17	-0.09886337192445172	-0.09548209443597533	-0.0779139059593974
soil.hip.SHSU.2016.011.2016.05.03.day19	-0.025426209724474052	0.07677574900277004	0.008307987351445816
soil.hip.CMU.17.10.2017.08.26.day18	0.022436966646091572	-0.05101934847883541	-0.10918972602917631
soil.hip.UTK.K016.07.2017.Jan.26.day20	-0.06273778096025981	-0.0827045543815293	-0.05138602545085985
soil.hip.UTK.K016.08.2017.Jan.10.day4	-0.008946615068031426	-0.0709746178741822	0.029007318226883388
soil.hip.SHSU.2016.076.2016.12.09.day18	-0.04724785570315386	0.012764177463679652	0.08012325908101943
soil.hip.CMU.16.09.2016.08.15.day21	0.02240252546262101	-0.02575647506749842	-0.10522829704938699
soil.hip.CMU.16.05.2016.mo.day19	-0.03819548730729945	-0.040430096976874136	-0.14442322622294954
soil.hip.CMU.16.05.2016.mo.day16	0.0693887551834008	-0.04973163965527714	-0.09233473213120366
soil.hip.UTK.K016.01.2016.04.07.day3	0.16307124088831648	-0.0340439770241964	0.0528669570782556
soil.hip.UTK.K016.10.2017.06.12.day19	0.004257689428718106	-0.015729228213445353	0.004196030513364392
soil.hip.UTK.K016.04.2016.10.03.day8	0.02412665756169786	0.02927343636785245	-0.015031443270678858
soil.hip.SHSU.2016.072.2016.11.07.day4	-0.029949435359287374	-0.010908136714144888	0.07016655087200485
soil.hip.UTK.K016.04.2016.10.16.day21	0.00015489760949329416	0.10741088262848426	-0.030174177398758467
soil.hip.UTK.K016.06.2016.10.20.day16	0.013459532025090617	0.08794752156423145	-0.019708806757838954
soil.hip.CMU.17.04.2017.03.day4	0.03454308350181305	0.0012888594415175134	-0.11458672529311319
soil.hip.SHSU.2016.076.2016.12.01.day10	-0.03857510485457032	-0.004706546868340537	0.10603275514783093
soil.hip.UTK.K016.03.2016.05.20.day15	-0.004441406723376802	0.005573358419219616	0.0030341900488856433
soil.hip.UTK.K016.03.2016.05.11.day6	-0.005721569826068527	-0.07890785576153729	0.013600617506679819
soil.hip.UTK.K016.07.2017.Jan.24.day18	-0.058499930572909024	-0.06602605545592705	-0.0062675533862377696
soil.hip.UTK.K016.06.2016.10.24.day20	-0.0009737375922823849	0.13216937337062604	-0.029451170409291627
soil.hip.UTK.K016.06.2016.10.13.day9	0.006942927738879626	0.10048443506172317	-0.049046432908172115
soil.hip.UTK.K016.12.2017.06.01.day8	-0.01735236567944486	-0.07468266808645825	-0.023898003155675456
soil.hip.SHSU.2017.043.2017.12.02.day3	0.05537280352909201	-0.046812035235593324	0.06563829700091649
soil.hip.UTK.K016.01.2016.04.13.day9	0.0067678380777971715	-0.03639939650100096	0.05501099892923915
soil.hip.SHSU.2017.043.2017.12.16.day17	-0.003396217691365441	-0.04449084040888135	0.0666884511259036
soil.hip.SHSU.2016.076.2016.11.25.day4	-0.022257429170600473	-0.010912118974850525	0.09255994178988698
soil.hip.UTK.K016.07.2017.Jan.16.day10	-0.08788213132914184	-0.0760855491879685	-0.0740762634848903
soil.hip.SHSU.2016.064.2016.08.26.day2	-0.06657184234740746	-0.06279829655975158	0.07566945899321756
soil.hip.CMU.17.04.2017.03.day7	0.0888076457858927	-0.0294555866207145	-0.06679067879598599
soil.hip.UTK.K016.06.2016.10.14.day10	-0.00715950878868485	0.06486875698919913	-0.03747737574170924
soil.hip.CMU.17.10.2017.08.16.day8	0.11125761220935579	-0.03089845862191036	-0.07665119144177371
soil.hip.SHSU.2016.067.2016.09.21.day6	0.007639564075869588	0.045214620276351515	0.005178854902549854
soil.hip.UTK.K016.03.2016.05.07.day2	-0.003307314340438479	-0.06486998796306914	0.0033984933535970673
soil.hip.CMU.17.04.2017.03.day21	0.05131331488163927	-0.023228573151582207	-0.10515709313802048
soil.hip.UTK.K016.12.2017.05.30.day6	0.0007422107303396236	-0.07472719151625172	-0.006418347875597752
soil.hip.CMU.17.10.2017.08.20.day12	-0.012534790220422079	-0.021025607076978255	-0.08874787397039877
soil.hip.UTK.K016.05.2016.09.30.day5	0.06163926654531478	-0.013568708131096341	0.027630912690698554
soil.hip.SHSU.2016.011.2016.04.30.day16	-0.04393387966920924	0.06038920100675527	-0.004366569697060996
soil.hip.SHSU.2017.043.2017.12.05.day6	0.06415872041003287	-0.03229939657439045	0.10590015021033924
soil.hip.UTK.K016.06.2016.10.08.day4	0.008484377620855776	-0.03958241550199465	0.06696182914083924
soil.hip.UTK.K016.05.2016.10.11.day16	-0.004932968718629228	0.046359498973195065	-0.03567724752174925
soil.hip.SHSU.2016.072.2016.11.10.day7	0.006734703506018894	-0.037992003935659324	0.10732314488774658
soil.hip.SHSU.2016.076.2016.11.27.day6	-0.002038099013769768	0.01781551796671591	0.07427802178505798
soil.hip.SHSU.2016.011.2016.04.17.day3	-0.09288422907019511	0.03697430633002931	0.015535775324975678
soil.hip.UTK.K016.08.2017.Jan.16.day10	-0.08681454099010852	-0.07791655984537589	-0.06773230169998566
soil.hip.UTK.K016.02.2016.04.30.day18	-0.009306305175076215	0.06000731505326442	0.019149217348810945
soil.hip.SHSU.2016.011.2016.04.20.day6	-0.0532717683905295	0.0781469656660301	-0.006224177849304933
soil.hip.SHSU.2016.064.2016.09.01.day8	0.022546674832156405	0.09566617491742854	-0.0012237474875188975
soil.hip.CMU.17.10.2017.08.25.day17	-0.0222464658556176	-0.022254748878130528	-0.11409498571825351
soil.hip.SHSU.2016.064.2016.09.07.day14	0.01676527914988325	0.04484815954781074	0.028357934448682752
soil.hip.UTK.K016.02.2016.04.28.day16	0.006082250868491027	0.005538950172412368	0.027902005467823884
soil.hip.UTK.K016.02.2016.04.21.day9	-0.0435773646621462	-0.062351456896502115	0.00024295371204603386
soil.hip.SHSU.2017.043.2017.12.14.day15	0.047274209242097784	-0.03901622042143118	0.09652166810352515
soil.hip.UTK.K016.05.2016.10.05.day10	0.0009309572878173233	0.059360472618956106	-0.04896945775184797
soil.hip.CMU.16.05.2016.mo.day13	-0.03217175667759797	-0.04036133030342616	-0.12245654562652701
soil.hip.UTK.K016.01.2016.04.11.day7	0.2695516926638531	-0.009141228067883155	0.06960081875414277
soil.hip.SHSU.2017.043.2017.12.09.day10	-0.005673430122447738	-0.04348020004614692	0.11022600417982883
soil.hip.CMU.17.10.2017.08.14.day6	-0.021640103403261068	-0.03778494480551995	-0.07054720380044102
soil.hip.UTK.K016.03.2016.05.09.day4	0.008228775430136467	-0.059794569031633965	-0.02027123513092711
soil.hip.CMU.17.04.2017.03.day1	0.10471489085455941	-0.013618847428921929	-0.1169562810246332
soil.hip.SHSU.2016.064.2016.09.04.day11	0.008404041135115163	0.053430698841819724	0.015565090413067629
soil.hip.CMU.17.04.2017.03.day19	0.21798478758689607	-0.0022548460020505763	-0.06717886227630772
soil.hip.UTK.K016.04.2016.10.02.day7	0.020775972947956692	0.09571989989919757	-0.01563525702451938
soil.hip.SHSU.2016.064.2016.09.05.day12	-0.014896943182460473	0.07361863242255948	-0.0048730673809516956
soil.hip.CMU.17.04.2017.03.day11	0.07838052045942684	0.004373710805026701	-0.0949253811134242
soil.hip.SHSU.2017.043.2017.12.08.day9	0.03229399748464853	-0.023215235067911136	0.11219135127447723
soil.hip.SHSU2016.067.2016.10.03.day18	0.01753825753016342	0.13787263250278056	0.012098963433734566
soil.hip.UTK.K016.01.2016.04.08.day4	0.1730817462694009	-0.022048169528108133	0.06976915086683147
soil.hip.UTK.K016.02.2016.04.23.day11	-0.04716864565250472	-0.06689429863343406	-0.0002911527357716791
soil.hip.SHSU.2016.076.2016.12.12.day21	-0.011120589221477383	0.015475979943184573	0.08262615176258681
soil.hip.SHSU.2016.076.2016.11.28.day7	-0.011930659967379449	-0.010368763274653801	0.021584863772517088
soil.hip.CMU.16.09.2016.08.07.day13	0.0008785722001660959	-0.01912141233673242	-0.021139592265061246
soil.hip.SHSU.2016.024.2016.04.17.day3	-6.287122014459045e-05	-0.019961366658391103	0.015392590518026685
soil.hip.UTK.K016.06.2016.10.05.day1	0.019536939131649802	-0.014946699201142126	0.02001516612464281
soil.hip.CMU.16.09.2016.07.27.day2	-0.021465697226794082	-0.012715122633879389	-0.03596654389731119
soil.hip.SHSU.2016.064.2016.08.25.day1	-0.008315373007013644	-0.036434876261532065	0.009476096590050987
soil.hip.UTK.K016.04.2016.09.27.day2	0.009005253937802072	-0.026674731472798134	0.0019857459497819854
soil.hip.CMU.17.10.2017.08.22.day14	-0.001805979007354691	0.002653609473307331	-0.01699709470853453
soil.hip.UTK.K016.01.2016.04.22.day18	-0.012305735640073595	0.020436093048187155	0.007287236421378319
soil.hip.SHSU.2016.011.2016.04.28.day14	0.02108934177386244	0.035658831411104666	0.017467204491637196
soil.hip.SHSU.2016.007.2016.04.30.day16	-0.02009431797702781	0.06340875360401735	-0.005390874606599553
soil.hip.SHSU.2016.064.2016.09.09.day16	-0.02881993930380547	0.03588993609091313	-0.013749447049331941
soil.hip.SHSU.2016.011.2016.05.01.day17	0.021749051506591722	0.03160075392944979	0.01625450890003457
soil.hip.UTK.K016.03.2016.05.24.day19	0.02395229759266291	0.010147864310333453	0.013234071072683996
soil.hip.UTK.K016.05.2016.10.06.day11	0.020533230020370205	0.02986949177326148	0.001213868475476736
soil.hip.UTK.K016.08.2017.Jan.21.day15	-0.030832167401699192	-0.04068564122331079	-0.018137011044325118
soil.hip.UTK.K016.06.2016.10.09.day5	-0.001762170712698863	-0.02337328197524537	0.007326699998428858
soil.hip.UTK.K016.01.2016.04.05.day1	0.019234009221971247	-0.020476508978300976	0.022437479834627082
soil.hip.UTK.K016.10.2017.05.29.day5	-0.004719769664695536	-0.030903881975224215	0.004473066560170115
soil.hip.UTK.K016.10.2017.06.06.day13	-0.007152827822926	0.008455188584007983	0.003441719109275575
soil.hip.UTK.K016.07.2017.Jan.08.day2	-0.019246056581752012	-0.03572393626379302	-0.022476666967913037
soil.hip.UTK.K016.12.2017.06.14.day21	-0.03160238667527704	-0.0067194749448553255	0.0070292059944334654
soil.hip.SHSU.2016.067.2016.09.22.day7	0.008613522937523347	-0.00492072862233395	0.01327036345050663
soil.hip.SHSU.2016.076.2016.11.22.day1	0.022338256094773246	-0.013429664361528737	0.022547206569635107
soil.hip.SHSU.2016.072.2016.11.12.day9	0.0007101281403611606	-0.022787298853821684	0.01870201934657524
soil.hip.UTK.K016.04.2016.09.26.day1	0.007180082285046135	-0.031182342602673364	-0.006902508522748446
soil.hip.UTK.K016.03.2016.05.25.day20	0.03354336279691023	0.02870019399979139	0.014370895949614956
soil.hip.UTK.K016.02.2016.04.24.day12	-0.030126511829215025	-0.013530319876708592	-0.011202633819647293
soil.hip.CMU.16.09.2016.08.02.day8	0.0033333234481625847	-0.019014548147756348	-0.01872383454039297
soil.hip.UTK.K016.04.2016.10.14.day19	0.03831645374162763	0.04500765558635489	2.8568360899412628e-05
soil.hip.SHSU.2016.072.2016.11.04.day1	0.005564925466400527	-0.029067899276579972	0.029252054729026054
soil.hip.UTK.K016.07.2017.Jan.20.day14	-0.025231572702232703	-0.03412697143816431	-0.016286518531754474
soil.hip.UTK.K016.11.2017.06.09.day16	0.01615544257135279	0.00450691980404586	0.003138192720939681
soil.hip.CMU.16.09.2016.08.11.day17	0.009615294433255862	-0.02002419389181031	-0.02038965049581042
soil.hip.SHSU.2016.072.2016.11.09.day6	-0.0016082072376835685	-0.023128849172637685	0.015294832183311536
soil.hip.CMU.17.10.2017.08.11.day3	0.0013256876146149543	-0.008842224360941427	-0.016522934270426667
soil.hip.UTK.K016.10.2017.05.28.day4	-0.012188852515095437	-0.032323393541930985	-0.0054409037951031235
soil.hip.UTK.K016.11.2017.06.03.day10	-0.0005284815887028336	-0.00926261422646347	0.004236054940141147
soil.hip.UTK.K016.02.2016.04.16.day4	-0.02627908589618292	-0.03275550257293086	-0.008293378605578505
soil.hip.UTK.K016.02.2016.04.13.day1	-0.016531041230842806	-0.036507208320066535	0.0029018732952870423
soil.hip.UTK.K016.12.2017.05.26.day2	0.016553377614775523	-0.025672808770032047	0.016109823134758613
soil.hip.UTK.K016.03.2016.05.15.day10	-0.029010439064662677	-0.0158341160613875	-0.005304292613025411
soil.hip.SHSU.2016.064.2016.09.10.day17	-0.010673034007067431	0.02443820843758756	-0.0024941493470622034
soil.hip.SHSU.2016.064.2016.08.30.day6	0.03061026546955344	0.08080468270800983	-0.003927316536638974
soil.hip.CMU.16.09.2016.07.28.day3	0.009341420126580078	-0.016135444876732654	-0.021706073939575063
soil.hip.SHSU.2016.067.2016.10.05.day20	0.03789748894059264	0.06518917184562618	0.016521408709777155
soil.hip.SHSU.2016.007.2016.05.01.day17	0.012960401378307637	0.017218497265162024	0.015069478320105857
soil.hip.UTK.K016.08.2017.Jan.23.day17	0.012895410264261086	-0.019704009511244902	0.01388405634583431
soil.hip.SHSU.2016.072.2016.11.11.day8	0.009006069884545201	-0.027194667023420886	0.026881329163001327
soil.hip.CMU.16.05.2016.mo.day14	-0.04225942405396938	-0.014797953549287113	-0.026472495038401853
soil.hip.SHSU.2016.072.2016.11.21.day18	3.987363882178516e-05	-0.01978510124173244	0.026022849188231622
soil.hip.SHSU.2016.007.2016.05.04.day20	0.012188765339663711	0.023568114913704894	0.01387008779803511
soil.hip.SHSU.2016.064.2016.08.27.day3	0.006129435625070518	-0.014006803287196046	0.024151645441905224
soil.hip.SHSU.2016.072.2016.11.15.day12	0.0021783273064031757	-0.011762828572590062	0.012308478184101137
soil.hip.UTK.K016.12.2017.06.11.day18	0.0015254903469373957	-0.007861906997374091	0.006588635985771907
soil.hip.UTK.K016.11.2017.05.25.day1	0.011951121642307293	-0.020655179025979502	0.008206449044360551
soil.hip.SHSU.2017.043.2017.11.30.day1	0.02065663915146176	-0.019301675387454198	0.030282817438808726
soil.hip.SHSU.2016.076.2016.12.08.day17	-0.009361148296050266	0.00635796587196555	0.010438048272403883
soil.hip.UTK.K016.05.2016.10.15.day20	0.023256210694048856	0.04949595753929766	-0.013554074696270813
soil.hip.CMU.17.04.2017.03.day3	0.004301001772225028	-0.009352415939964623	-0.02373199631279425
soil.hip.UTK.K016.11.2017.05.26.day2	-0.006941006857812855	-0.03839100636821985	-0.001978613885423177
soil.hip.UTK.K016.07.2017.Jan.22.day16	-0.031285367564563134	-0.02668884523270936	-0.019807535555758364
soil.hip.CMU.17.10.2017.08.19.day11	-0.01166908146784038	0.00023279495092356996	-0.026281218975838478
soil.hip.UTK.K016.02.2016.04.26.day14	-0.008324825893481552	0.012715107641191001	-0.0005856861807081257
soil.hip.CMU.17.10.2017.08.23.day15	-0.014407227699652731	-0.017219659897271294	-0.02833627545918511
soil.hip.CMU.17.04.2017.03.day12	-0.012147155843023111	-0.016572741473621574	-0.03404827493810777
soil.hip.UTK.K016.07.2017.Jan.10.day4	-0.02018828774198342	-0.03419929522791244	-0.010317162265624557
soil.hip.UTK.K016.05.2016.09.26.day1	-0.026300874261412074	-0.03688330068270862	-0.019710977892471483
soil.hip.UTK.K016.01.2016.04.24.day20	0.0014218702367760907	0.05860195798599311	0.003801490233243154
soil.hip.UTK.K016.12.2017.06.05.day12	-0.0036257509361572386	0.018557671290128346	0.004013035445841
soil.hip.UTK.K016.12.2017.06.09.day16	0.0019606968649924063	-0.005926037701021277	0.0025806760300145226
soil.hip.UTK.K016.06.2016.10.18.day14	0.01968757580021134	0.031052263805124745	-0.0029037475578802567
soil.hip.UTK.K016.02.2016.04.19.day7	-0.012775526265506933	-0.033141578862667755	0.001469839616230495
soil.hip.SHSU.2016.067.2016.09.24.day9	0.02209091996896562	0.023763560960642912	0.004724922633688141
soil.hip.SHSU.2016.064.2016.08.31.day7	0.011268012444311144	0.03894158121021318	-0.00022901016628182653
soil.hip.UTK.K016.04.2016.10.12.day17	0.03851441725998445	0.07160131451804601	-0.006957411736117459
soil.hip.UTK.K016.01.2016.04.14.day10	0.008117970039535722	-0.009202034679295427	0.011170029976692508
soil.hip.SHSU.2016.011.2016.04.27.day13	-0.0058604365828323545	0.04634044477419003	0.0041718909528711415
soil.hip.SHSU.2016.011.2016.04.24.day10	-0.018096841426389787	0.0448222780284922	0.004797317166752078
soil.hip.UTK.K016.06.2016.10.17.day13	0.03463814672041403	0.06306462355482463	-0.009000878951128019
soil.hip.CMU.16.09.2016.07.26.day1	0.008857421075025497	-0.012640491232831277	-0.014567578863542333
soil.hip.SHSU.2016.011.2016.04.19.day5	-0.030731576224032095	0.03367103283838284	0.010697992202693376
soil.hip.CMU.16.09.2016.08.10.day16	-0.003965592994827154	-0.022280637390142397	-0.03265053640479997
soil.hip.UTK.K016.12.2017.06.03.day10	-0.004969703757013424	0.014170323864760791	-0.0005616832931246167
soil.hip.CMU.16.05.2016.mo.day21	-0.008790854969202155	0.026550376154683617	-0.028939451330354683
soil.hip.UTK.K016.04.2016.10.05.day10	0.029376808349474717	0.019728383931944548	-0.004725876845602161
soil.hip.UTK.K016.08.2017.Jan.27.day21	-0.020407816260975802	-0.02559849354416846	-0.0022434186326483196
soil.hip.SHSU.2016.007.2016.05.03.day19	0.006778668495993714	0.02361983333437259	0.010560422652695623
soil.hip.UTK.K016.02.2016.04.14.day2	-0.026930726794616684	-0.029656555683527243	-0.005102839068834874
soil.hip.UTK.K016.02.2016.04.22.day10	-0.009223098574568118	-0.030467499924184512	0.0032224407715149
soil.hip.UTK.K016.11.2017.06.06.day13	-0.0031798304535926836	0.00022573132206157683	-0.0011495768338980734
soil.hip.SHSU.2016.064.2016.09.11.day18	-0.0143522830289608	0.01955011718178944	-0.0067315468336349785
soil.hip.UTK.K016.03.2016.05.17.day12	-0.0006592486698281563	-0.014348537144549813	0.004062476023360641
soil.hip.SHSU.2016.072.2016.11.19.day16	0.02186788353227497	0.07367379421154079	0.01367006718347654

Biplot	0	0

Site constraints	0	0
