Eigvals	3
243.60624350283308	103.83270734828342	89.0324941044512

Proportion explained	3
0.7603134857722561	0.13812879400407257	0.10155772022367145

Species	257	3
UTK.bins.58	0.012167540193736656	-0.003484813820233496	-0.01157215038397693
CMU.bins.99	0.09655126439557038	-0.061516024866466575	0.051902784948914316
SHSU.bins.42	-0.13535851154020734	0.008391475925142278	0.09354443036157034
SHSU.bins.192	0.009642535519630827	-0.012512467215186618	-0.025938897589476706
SHSU.bins.235	0.04653989434427112	-0.013820917087696644	-0.02812949473206705
SHSU.bins.477	0.028893508072018053	-0.008933136766072478	-0.04199149216881666
SHSU.bins.22	0.04205757052148239	0.05247706232374092	-0.049288453585793715
CMU.bins.320	0.1093920181559942	-0.09336195569193649	0.09204916087102591
UTK_active.final.26	-0.15735763457536148	0.03473836770283528	0.10683326674994063
SHSU.bins.173	0.036191399163579045	0.002220059071735509	-0.008261328836413014
UTK.bins.15	-0.14713498821640308	-0.011710994107841932	0.048277782908803246
CMU_active.final.59	0.061836039054313674	-0.030065293532916766	0.03253695148737551
CMU.bins.5	0.02180866142924055	-0.09820708736975406	0.017443163489517837
UTK.bins.126	-0.10205763593893075	-0.016953736045193638	0.07151011630704178
SHSU.bins.88	0.044507532273760586	-0.015728811603116608	-0.007392558306406257
CMU.bins.264	0.041489333560276176	-0.04492308466458939	0.008512020787853382
SHSU.bins.260	0.032473101594209484	0.020768223090334104	0.03129262563641335
SHSU.bins.403	0.007329212001984766	0.07750169805130681	-0.12350839096932126
SHSU.bins.459	0.04366856847910627	0.0015042030118474266	0.030097289178013895
CMU.bins.67	0.06740351958550947	-0.10463268420598694	0.01963764327250663
SHSU.bins.556	-0.0025465712454421537	0.02647492860044582	0.03649028047846732
UTK.bins.192	-0.0673955704110323	-0.1331045910979204	-0.15244392874774332
SHSU.bins.217	0.04527199174808849	-0.015515860150237603	-0.014604615230500523
SHSU.bins.50	-0.026932728654580042	0.06505184105050564	0.07312019830089568
CMU.bins.107	0.08792848964388275	-0.052505099276891454	0.05744423106951156
SHSU.bins.157	-0.013589109015589672	0.09081436325351683	0.03910621263859809
UTK.bins.141	-0.09267084174959293	0.0013228082281027502	0.047360145310834885
SHSU.bins.181	0.01860034013128953	0.03655351914066002	-0.07549260021468916
SHSU.bins.240	0.019246400061056688	0.13866495132454804	-0.13108988373920683
SHSU.bins.105	0.030902447111500315	0.05519506477710954	-0.03278457467602064
UTK.bins.171	-0.10081640772104913	-0.004014918779889427	0.019611325963765146
SHSU.bins.438	0.003741394571982839	-0.010091788982766428	-0.029344735497869125
UTK.bins.184	0.0021615169912413664	-0.025223658705304536	-0.08338799043817038
SHSU.bins.335	0.03195578932164424	0.16302073673246137	-0.0903047741217396
SHSU.bins.332	0.03005458725507403	0.04834639411402503	-0.05006121638853695
SHSU_active.final.55	-0.055592358203863046	-0.019416272065251202	0.0011613534570302248
SHSU_advanced.final.260	0.027971722671251944	0.008516439198406398	-0.012963592421788137
UTK.bins.183	-0.06630327965045914	-0.07120515225933952	-0.1520336535163677
SHSU.bins.221	0.02939599334807469	-0.02122767016617738	0.0047003414365963374
UTK.bins.23	-0.10092169801022548	0.05526774503629826	-0.023954434768200458
UTK_active.final.18	-0.19395248709122873	0.08137706828446842	0.06929920382298073
UTK.bins.61	-0.10126281103962323	-0.1482316950853566	-0.19310275063017396
SHSU_advanced.final.47	0.043953719949695685	-0.025710195612622735	0.007205434592138427
UTK.bins.64	0.013126226266000579	0.001346839209517751	-0.027440051152517374
SHSU_advanced.final.49	0.010481912486280047	0.04477213321534562	0.03613131835466696
SHSU.bins.148	-0.000999417990782538	0.011606592459495971	-0.028377020527144036
SHSU.bins.562	0.034390784414485294	0.016076471971679725	0.056345038731930204
SHSU.bins.84	0.037485610515527845	0.12024830714687547	-0.08700992059072482
SHSU.bins.111	-0.05060863544164859	0.024703126610409402	0.03917103175402007
SHSU.bins.163	0.019875332186219476	0.0462223890285252	0.039795530279433305
UTK.bins.37	-0.060670614285945834	0.027783220442610848	-0.06288692682653385
CMU.bins.126	0.04160336262200211	-0.03006361241395293	0.05004333989669644
SHSU.bins.517	-0.0012134891070467166	-0.018803295292979028	-0.005396813861618673
CMU.bins.261	-0.07689739425823738	0.011403989593950519	0.058478876294818044
UTK.bins.50	-0.1282336345427428	0.03434441799681674	0.11080202499158048
SHSU.bins.204	-0.024290804246481352	0.05790007734339843	-0.0028594668608389624
SHSU_advanced.final.136	-0.07532848531744299	0.08436467867780334	0.03304224189234535
SHSU.bins.83	0.004709148219647146	0.10378588436658515	0.034453432215260746
SHSU.bins.256	0.02582345230502576	0.025989256721123934	-0.07112540660477382
SHSU.bins.59	0.047749957250512086	0.0290498308617047	0.06186154683984189
CMU.bins.224	-0.10943910899731904	0.007712888678549641	0.09757137964882608
UTK.bins.186	-0.03864096037427602	-0.016463476800006996	-0.07025376727240223
CMU.bins.256	0.04508841998110913	-0.09298694503647306	0.04684777238755494
CMU.bins.171	0.101855784512698	-0.09568673685007453	0.07879529035453199
SHSU.bins.544	0.032510545718740146	0.09756239707461345	-0.04256195518927337
UTK_active.final.44	-0.08634325493016395	-0.15360972610108975	-0.18240904762977436
SHSU_advanced.final.69	0.10289080592723138	0.15959629294119707	-0.005196983794194601
CMU.bins.146	0.012733625657290573	-0.006931109139522954	-0.03261383710987379
SHSU.bins.64	0.026211251693809005	0.05455234361193732	-0.07940316641180009
SHSU.bins.175	-0.13388765168858724	0.02466824565628782	0.08514572976105242
SHSU.bins.131	0.03906578438777824	0.11434592126403016	-0.06744179316281848
SHSU.bins.267	-0.0009962489961422277	0.013789011123035502	-0.06817546512208898
SHSU.bins.238	0.026082954776578095	0.06305871877801585	-0.05067884976025819
UTK.bins.42	-0.041612433811695805	-0.039657269611149445	0.01741116543025111
SHSU.bins.466	0.015329750057325217	-0.002221875366639834	0.015133663598650496
SHSU.bins.220	0.03004734809412726	0.1232645988450005	-0.06288546109812174
SHSU.bins.530	0.01804591758722476	0.060781623088185056	0.012317536586991983
UTK.bins.84	-0.057074922490789104	-0.06764567018105071	-0.13180493904351687
SHSU.bins.202	-0.05924922205359792	0.031083445461955878	0.00922655214720354
SHSU.bins.18	-0.048381411562291254	0.026294219306753328	0.03318800882816021
SHSU.bins.443	0.023713133950754302	-0.03017190382902003	-0.00850580284740144
SHSU.bins.15	0.019813603604720682	0.04913656477538089	0.04295759772225721
SHSU.bins.68	-0.14989323104576927	-0.003937076819604406	0.039634477727880535
SHSU.bins.178	0.033977106257161986	0.0976659419938292	-0.08360317614371689
SHSU.bins.455	0.00674397580050244	0.06573770714053401	0.028408653306118338
SHSU_advanced.final.183	0.009646854920417336	0.008258052890514126	-0.00021563680570748376
CMU.bins.352	0.0652262280953028	-0.040406332501018834	0.05877919717163474
SHSU.bins.426	-0.03452704108563198	0.024714448257411002	-0.00037430694433251196
SHSU.bins.286	0.05788297688724853	0.027674692151026987	-0.03086074351747594
UTK.bins.53	-0.05254954024329671	-0.15908437913935827	-0.160623497914429
SHSU_active.final.134	0.027067515315295852	-0.03006592811435357	-0.01949178132738711
SHSU.bins.534	-0.002266663787300245	0.07600055811819806	0.022897746122038685
SHSU.bins.71	0.012015035821156669	0.01313356898608057	0.007678367854546883
SHSU.bins.319	-0.13047921444388993	0.0032401005728331447	0.08669212871302583
CMU.bins.119	0.05320703798542579	-0.09702140122989392	-0.006711150620046243
SHSU_advanced.final.42	0.0056203494212003074	-0.01832080627523578	-0.00483530754000675
SHSU_advanced.final.240	0.03625824308052378	0.04275799209285121	0.010867983834624386
SHSU.bins.101	0.029319372323272523	0.08303372721877642	-0.05440224963834153
UTK.bins.113	-0.08773931786596219	-0.07206266679843887	-0.13770445798037956
SHSU_advanced.final.35	-0.13431276764831876	0.020642330093959035	0.0789236765253356
SHSU.bins.354	-0.1328320210061671	-0.003815610447962598	0.06882322556996126
SHSU.bins.205	0.027038590929970033	0.02578653852521759	-0.03132890048405738
UTK.bins.92	-0.04127786588385418	-0.04706649852204495	-0.051232511868374644
SHSU.bins.561	0.01957965761077721	-0.03620814326446396	-0.02268401779806513
CMU_early.final.2	0.10693571769599697	-0.03867127356880261	0.10315636016209077
SHSU.bins.72	0.04533874621765812	0.0945184871643151	-0.07166972411150233
SHSU.bins.52	0.020583788186061908	0.012084960691932734	0.0473202129815862
SHSU.bins.412	0.019093645261534342	0.011447557478108899	-0.026612823217291536
UTK.bins.77	-0.07083052779193627	-0.01931785204426667	0.028188262095461
SHSU.bins.329	-0.07938737495343297	0.03316296643765395	0.055392082090034794
SHSU.bins.237	-0.0016455318232938643	0.033362934105024	0.0288202086767497
SHSU.bins.149	0.012927085623734286	0.004348710843109321	-0.004935508190424724
SHSU_advanced.final.181	0.0075374143904463255	-0.007324347271816055	0.006878108954084668
SHSU.bins.195	-0.1609038575936704	0.03448910841505186	0.045831372254594695
SHSU.bins.353	0.015664223833128516	0.03092385366564995	-0.013893911936309006
UTK_active.final.8	-0.12167118848558525	-0.12600082122763706	-0.22900902813315352
SHSU.bins.191	0.03751379764161909	-0.037266204206099	-0.027481103038515985
SHSU.bins.234	0.08169947395455066	0.06363215860186427	-0.0320953900895337
SHSU_advanced.final.227	-0.055968997587246945	-0.027807970657989046	-0.0019115357977904594
CMU_early.final.5	0.08070659352366476	-0.02496606065489202	0.06113182202347292
SHSU_advanced.final.252	0.004601756737898218	0.018239319633435176	0.02458385693644458
SHSU_active.final.50	0.026500038017841815	0.03989594328590317	0.049089862861814354
CMU.bins.106	0.06612986460639922	-0.04043796704789708	0.06451927828857248
SHSU.bins.358	-0.06873250960109593	0.0520722853496154	0.0240775458529957
SHSU.bins.89	-0.08398596352980506	-0.009953045573387736	0.052441355401117155
CMU.bins.235	0.051824930298869094	-0.09991171861403192	0.05182598443688019
CMU.bins.181	0.049815318199953745	-0.06539054423061468	0.04024597863253957
CMU.bins.252	0.08997096047052862	-0.05329332029724694	0.0717870120464342
SHSU.bins.49	0.02117986666665486	0.07205903532383795	0.0266648431334195
CMU_advanced.final.11	-0.13965626675319096	0.041375926741508716	0.08374457247593212
SHSU.bins.264	0.015148809449417175	-0.003680653152606071	-0.04098539301844172
SHSU.bins.420	0.02366880231708647	-0.02864080853747311	-0.05263642505293777
UTK.bins.43	-0.06324458351655568	-0.028799845577743434	0.010975028788054023
SHSU.bins.399	0.021162165018559276	0.11580370244130855	-0.12726670799861553
CMU.bins.70	0.07580132076522948	-0.05154974641387066	0.0582884241305149
CMU.bins.144	0.09690291201599091	-0.07560635001616911	0.07664518461549759
SHSU_active.final.30	0.01456690190191867	-0.04817279686302763	-0.020306712453650157
CMU.bins.307	0.10617392577711618	-0.014339276840887157	0.08335457898436323
CMU.bins.248	-0.12313176864081782	-0.014319583693871568	0.08306768561294647
CMU_advanced.final.13	-0.09477500953516399	-0.02569276582314142	0.06406687801327503
SHSU.bins.162	0.029837545875338028	0.06666458198298575	0.02166075895239086
CMU.bins.249	0.08720650580045053	-0.05243020037323059	0.0526055769955308
CMU.bins.62	0.04869728143215429	-0.067982565290219	0.03364777413222158
SHSU.bins.123	-0.07861090524843926	0.05521504823518074	0.038323833518179494
SHSU_advanced.final.206	0.006218478209055694	0.007457184097285548	0.013851159215741258
SHSU.bins.246	0.03895252279866791	-0.04665638499119508	-0.01586952360994924
CMU.bins.31	0.07889695706368886	-0.037657819244514695	0.07277433103030913
SHSU.bins.380	0.05331653163586174	0.003684359055283323	0.018521652163926986
UTK.bins.52	-0.007937233540391756	-0.031198877664447233	-0.04904156233497271
SHSU_advanced.final.124	0.02790717052466317	-0.038702937456409986	-0.013193194621177488
CMU.bins.340	0.00895752865195607	-0.13913404076233316	-0.04906894228287224
SHSU.bins.201	0.04317805235760583	0.04640247895941317	0.01705712009753197
UTK.bins.51	-0.05311598589430425	-0.06667240393481952	-0.11456431948687815
CMU_early.final.61	0.07982520104111844	-0.035787561183015834	0.07147007065193435
UTK.bins.19	-0.11978851148596664	-0.004518269348725436	0.10310344900331973
SHSU.bins.382	0.027286744548676224	-0.015351735760397587	0.015776420779730883
SHSU.bins.549	0.04693406279907122	0.0314707003307568	0.028515357673185367
SHSU.bins.48	0.020380139495237592	0.0057383871239933115	-0.03792714367004935
SHSU_active.final.52	0.04763803414938157	-0.0008080397326235018	-0.019682827395337183
SHSU_advanced.final.156	-0.07730618759860523	-0.005572075548063354	0.06484226896712583
SHSU_advanced.final.198	0.005044938459857122	-0.0028594409372256656	0.0038555566911093932
UTK.bins.176	-0.023745909277068624	0.060982692608436945	-0.012444414294048302
CMU.bins.8	0.062039327385064326	-0.03758805844118762	0.0537247158690132
SHSU.bins.499	-0.01191525556597824	0.02294408971195241	0.022956173879819068
SHSU.bins.492	0.04798977196532863	0.004014475775649916	0.007799329969156813
SHSU.bins.190	0.02026862061525168	0.09375058901110331	-0.09264414822291478
UTK.bins.33	0.0055891565748404926	-0.058879634954394106	-0.07727848845750465
UTK.bins.17	-0.0483359163599076	-0.0355049164971136	-0.018371326653121075
UTK.bins.127	-0.033429689915228815	-0.07953099342772271	-0.08094190092437267
SHSU.bins.186	-0.03587055396641343	0.05229872847892675	-0.14207386770031583
SHSU.bins.450	-0.01970874209155692	0.11883568733686813	0.011082061357932223
SHSU_active.final.35	-0.02178888146887262	-0.02938916541800959	-0.035403386468232705
SHSU.bins.150	0.021320763461084365	0.14142085805214505	-0.09046814871767131
SHSU_advanced.final.161	0.02532440385886871	-0.012430768009009002	0.010818171123338272
UTK.bins.27	-0.02094254992666867	-0.11947595580637708	-0.15681233102673664
SHSU.bins.402	0.019740430697331553	-0.011834799136267234	-0.0005895575792693106
CMU.bins.204	-0.07921937404013152	0.0047834544736154935	0.09456709316441791
SHSU.bins.219	-0.008525152108301126	0.018806984262395594	0.030263989281692768
SHSU_advanced.final.153	-0.013678444541296759	0.030978553448997113	-0.019656984282214213
SHSU.bins.292	0.042301705884486986	0.13749917909913026	-0.07874710092150264
CMU.bins.199	0.01895710762704362	-0.13334495857030335	0.035903445169899975
CMU.bins.59	0.018647958831684516	-0.04905233132992977	-0.007061687800735499
SHSU.bins.170	0.05400615080261397	0.06663370052225656	-0.005668650647880153
CMU.bins.202	0.08404448659834897	-0.07515637965468269	0.06173710229370167
SHSU.bins.289	-0.021449905349041558	0.06508814053380045	0.03778361625500566
SHSU.bins.5	0.03202098467715176	0.030766626131248174	0.03503127137976834
SHSU.bins.294	-0.042357407899323435	-0.0017057325354310551	0.044916257276885176
SHSU.bins.263	0.09347374548323528	0.11981818072134129	-0.0057936023547740245
SHSU.bins.36	0.045001398200904694	0.028487614625780373	0.006737598624061385
SHSU.bins.277	0.03590653598176916	0.11139213119787252	-0.08625765481225148
UTK_advanced.final.10	0.013427484593621447	-0.06225835161309576	-0.04569190891321689
SHSU.bins.330	0.035263611473495764	0.06291384372236988	0.03528436409514364
SHSU.bins.565	-0.00019735863991864286	-0.0184762368460768	-0.0012164983587902032
CMU_advanced.final.23	-0.0957978640623153	0.002870355631049988	0.08839890220280161
CMU.bins.247	0.06203623454061784	0.02706440666416341	0.0016307289857733654
SHSU.bins.79	-0.008453220239782443	0.019422285056325726	-0.011762898042354648
CMU.bins.43	0.10159949401959506	-0.06675670565929266	0.07454953570258056
UTK.bins.200	-0.03693818569023185	-0.03133720519642152	0.016164437150728565
UTK.bins.107	-0.09392099609135775	0.05552564902045446	0.0278641244652986
CMU.bins.328	0.09597167390939546	-0.07331228473784851	0.10169878834978185
CMU.bins.124	0.02806069823592314	-0.1385457640920242	0.03669284891343644
CMU.bins.233	0.05890875476928586	-0.03774508797964263	0.0635285858689888
SHSU.bins.351	0.004038438137553828	-0.023400422963022364	0.01076305665448299
CMU.bins.130	0.08615022662736202	-0.07325856068705454	0.043024695903959895
SHSU_advanced.final.149	0.020000886019445187	-0.0166415025725415	0.02647967321672274
SHSU.bins.40	0.010263561261190806	0.017080883101880703	-0.045008805249614904
SHSU.bins.531	-0.12358208359789263	-0.019478699753996624	0.07276051151678935
UTK_advanced.final.34	-0.06276199962940099	-0.03273032500830143	0.0223728090623913
SHSU.bins.512	0.0438624848232129	0.12309167450296699	-0.08798709531612615
CMU.bins.155	0.03993237640450027	-0.01651905774339743	0.018454775052696805
SHSU_active.final.139	0.001653703066747592	-0.05103166704568087	0.008178800429236268
SHSU.bins.132	-0.06046941840586987	-0.015770065836835143	0.04120742031855551
SHSU.bins.13	0.025810665533896958	-0.05528029917054495	-0.041220458194337124
CMU.bins.216	0.06109995008484126	0.007823892382743282	0.03249289581849604
UTK.bins.71	-0.15016222433288576	0.03258385212130576	0.09322849473774898
CMU.bins.184	0.019663853666980653	-0.10936309575081413	0.002075789232030757
SHSU.bins.27	0.02587176269168393	-0.007108751549256338	-0.01732390054383354
SHSU.bins.39	0.03921545975877225	-0.02099643930408516	0.027081651000043058
SHSU.bins.513	0.007786692706326874	0.10297449732906039	-0.03436719216205046
SHSU.bins.393	-0.0011313026096421788	-0.00827371884989561	0.00014236451042554587
SHSU.bins.451	0.024143976740307195	-0.027103990633123243	-0.010015045864565773
SHSU_advanced.final.37	-0.00021813316867927147	-0.03997655953440469	0.010434323409566593
SHSU.bins.483	-0.011540701671324163	-0.01531265064901513	-0.004606637077756707
UTK.bins.55	-0.06902175142496465	-0.16022135591945036	-0.1452102539422479
SHSU.bins.276	0.026832041090097677	0.08755642258073981	-0.11513789567866163
SHSU_advanced.final.129	0.0063950258797282195	0.08185507347647306	0.03755740615077041
SHSU.bins.222	0.04075217952368138	-0.019933366478953704	-0.008377045929564151
UTK.bins.143	-0.05335318252814517	-0.032434851803053014	-0.04713775401391283
UTK.bins.134	-0.051604511272188625	-0.1001381297049575	-0.09747402278867742
SHSU.bins.361	-0.0001388454581182639	-0.0024626890079156244	0.016797660580815377
SHSU.bins.453	0.0349952101335356	0.12121794592964248	-0.059519504417154756
SHSU.bins.118	0.012136506567179578	0.0029027432477701145	-0.019517494365150063
CMU.bins.102	0.0663649789756212	-0.06106991439659161	0.06491097125920323
CMU.bins.9	0.06991243181745141	-0.09929532145116722	0.05200868214967956
CMU.bins.300	0.0858658854151563	-0.03074256728335898	0.04235154183751333
CMU_active.final.40	0.09202268416703797	-0.031193730609999692	0.08856447311863949
CMU.bins.121	0.04245783260106728	-0.12056333815907279	0.042611341772769123
CMU.bins.160	0.08194353834032739	-0.02884340945325324	0.07409097203110496
CMU.bins.187	0.027331324445870494	-0.05810686526821073	-0.03598142171181717
CMU.bins.196	0.05593627062672167	-0.02484883371608786	0.010642059991110012
CMU.bins.23	0.012217060836392958	-0.009766744785594458	-0.03920314044787746
CMU.bins.293	-0.03904664408248021	-0.028217383837559007	0.041998918723505335
CMU.bins.297	0.07734818136001101	-0.011446209417641958	0.05591984253418826
SHSU_active.final.81	-0.11646210164505186	0.051569398169908104	0.07561741190246082
SHSU_advanced.final.170	0.004435335555306266	-0.017012331438894652	0.009428838161294646
SHSU.bins.154	0.08111143674184144	0.096660549955429	-0.02310383934177872
SHSU.bins.164	0.040293106845034295	0.1021394683768079	-0.0790139985945262
SHSU.bins.167	-0.052818297992620014	0.007800302261711457	0.045995555447311376
SHSU.bins.259	0.01018450099412583	-0.0019941533021556497	0.01616708708797244
SHSU.bins.336	0.031731801924589	0.01837129986080247	-0.0030988125875213643
SHSU.bins.365	-0.1242159146037665	0.01165543269120558	0.06275977284006526
SHSU.bins.384	0.022824006232998097	-0.010349660797727252	-0.022569466448500806
SHSU.bins.47	0.02134369973609694	0.0073777688001152785	-0.0016501092464022672
SHSU.bins.56	0.034542927469056905	0.11316369848666673	-0.06564013464346127
SHSU_early.final.2	-0.07153067469078213	0.07600096727874224	-0.05175524719271678
UTK.bins.114	-0.089298430044466	-0.15838473518325893	-0.20018249869466234
UTK.bins.162	-0.1194899920760002	-0.032069473407101826	0.03696877271857772

Site	374	3
soil.hip.UTK.K016.11.2017.06.10.day17	-0.08430769760075074	-0.009496634154276234	0.011455285653243497
soil.hip.UTK.K016.11.2017.06.08.day15	-0.06658226808621703	-0.016923779034599296	-0.014974524076573625
soil.hip.SHSU.2016.024.2016.05.03.day19	-0.030890234906918508	0.08245333571251212	0.08227449812154697
soil.hip.SHSU.2016.076.2016.11.26.day5	0.011942521295359465	0.075143347669141	-0.01516321331878701
soil.hip.SHSU.2016.024.2016.04.23.day9	0.019092670104242745	0.10487855917258412	0.022649938897279582
soil.hip.SHSU.2016.067.2016.09.16.day1	0.06035754512468979	0.07604220062174304	-0.07358520128165741
soil.hip.SHSU.2016.072.2016.11.23.day20	-0.06049263284959982	0.09225256559128847	0.03649596251924395
soil.hip.CMU.17.10.2017.08.28.day20	0.0279446402412647	-0.04353733114616231	0.14947936394849953
soil.hip.SHSU.2016.024.2016.04.20.day6	0.010670877246472914	0.11710971724155747	0.03531542094809538
soil.hip.UTK.K016.01.2016.04.16.day12	-0.057501839674318204	-0.014762145870202456	-0.0021869566667688787
soil.hip.UTK.K016.02.2016.05.02.day20	-0.03644636261186481	-0.040366614903629416	-0.06192568855377802
soil.hip.SHSU.2016.011.2016.04.26.day12	-0.05854854214241666	0.15345040239959643	0.06214554261063033
soil.hip.UTK.K016.01.2016.04.10.day6	0.011341722896330361	-0.03864843745551425	-0.05917867406401686
soil.hip.UTK.K016.02.2016.04.29.day17	-0.019066599549460564	-0.026651547836633205	-0.027735520955415035
soil.hip.UTK.K016.05.2016.10.10.day15	-0.10488330277230935	-0.03424046632534274	0.046186202975725
soil.hip.UTK.K016.03.2016.05.19.day14	-0.07495647976427133	-0.01890742748859533	-0.019488196576834337
soil.hip.UTK.K016.03.2016.05.21.day16	-0.030474098662646047	-0.032202311462359	-0.06353912320261834
soil.hip.UTK.K016.10.2017.05.25.day1	0.006153053036685714	-0.04500037154098995	-0.07786598577594306
soil.hip.UTK.K016.01.2016.04.15.day11	-0.06407723063980952	0.006538264504270804	-0.012669711569755491
soil.hip.UTK.K016.04.2016.10.09.day14	-0.11899565633972761	-0.02768513570919687	0.09494097608307597
soil.hip.SHSU.2016.024.2016.04.15.day1	0.04237936334626819	0.04261362557388524	-0.077140317134074
soil.hip.UTK.K016.01.2016.04.20.day16	-0.05831543681697493	-0.012757708674618003	0.036312241211752944
soil.hip.SHSU.2016.067.2016.09.20.day5	0.03530097243983732	0.07520831566355932	-0.06764026643521898
soil.hip.SHSU.2016.024.2016.04.30.day16	0.041052169683483755	0.05003367164101174	0.0063473644656168405
soil.hip.SHSU.2016.076.2016.11.30.day9	0.04127646980170324	0.061965875299729314	-0.026283206816526527
soil.hip.UTK.K016.08.2017.Jan.17.day11	0.00575318404285651	-0.06666079249570889	-0.08173686521794919
soil.hip.UTK.K016.10.2017.05.31.day7	-0.000386028639948347	-0.03584836877403843	-0.06337955292706028
soil.hip.UTK.K016.12.2017.05.27.day3	0.011582672564905023	-0.05920819872819186	-0.051230424011946725
soil.hip.UTK.K016.12.2017.05.25.day1	0.00704940388418042	-0.05514576926295138	-0.05598914557493763
soil.hip.UTK.K016.05.2016.10.09.day14	-0.11551763697380132	-0.01602191394825666	0.04285556699611801
soil.hip.SHSU.2016.007.2016.04.21.day7	-0.005784727144306821	0.10319646901697008	0.035682258100615726
soil.hip.UTK.K016.05.2016.10.08.day13	-0.08999174029339285	-0.0266369488627598	0.03826958039085502
soil.hip.SHSU.2016.011.2016.04.21.day7	0.020351239452737733	0.07161956076724428	0.033006670366194014
soil.hip.UTK.K016.10.2017.05.27.day3	0.001648905169341716	-0.0408584543583383	-0.05803429324103915
soil.hip.UTK.K016.08.2017.Jan.20.day14	-0.0032531201372678112	-0.051129627309536484	-0.06793122745627128
soil.hip.CMU.16.05.2016.mo.day9	0.1029643705387854	-0.06188158061393962	0.07731952468089621
soil.hip.UTK.K016.11.2017.05.30.day6	-0.02080365526060146	-0.02648488903945391	-0.06956141447575195
soil.hip.UTK.K016.02.2016.04.15.day3	-0.0012835625449291838	-0.050145608555305504	-0.0701831754691088
soil.hip.UTK.K016.10.2017.06.09.day16	-0.04798396528628019	-0.0009298308523130091	-0.02891689244210623
soil.hip.UTK.K016.03.2016.05.18.day13	-0.062463082579482986	-0.01530068844473496	0.008009870225476338
soil.hip.UTK.K016.06.2016.10.25.day21	-0.11672386847762363	-0.01649456972933988	0.04606734422400132
soil.hip.UTK.K016.03.2016.05.08.day3	0.001551313904691822	-0.03762103787899961	-0.07201391784666228
soil.hip.UTK.K016.05.2016.10.16.day21	-0.10439797411276924	-0.028362252298758113	0.04597356802086676
soil.hip.CMU.17.10.2017.08.24.day16	0.07443469566708033	-0.0685584599042534	0.12386602178885765
soil.hip.SHSU.2016.011.2016.04.15.day1	0.07220469203889586	0.07357717641545385	-0.08758735031739333
soil.hip.UTK.K016.03.2016.05.06.day1	0.0016121964747132136	-0.04129356065348179	-0.07339038411081947
soil.hip.UTK.K016.11.2017.06.12.day19	-0.05182691966848227	-0.014307310401962613	-0.002490499564538623
soil.hip.CMU.16.09.2016.08.05.day11	0.09296335286777643	-0.034033001668001814	0.06762871281100578
soil.hip.SHSU.2016.007.2016.04.15.day1	0.06475013696750456	0.07444079033399258	-0.09479167327916073
soil.hip.UTK.K016.04.2016.10.15.day20	-0.08470946753394146	-0.03622438706868171	0.06242127541164933
soil.hip.SHSU.2016.007.2016.04.18.day4	0.055718302854496575	0.0765351758167918	-0.045290700743008803
soil.hip.SHSU.2016.024.2016.04.21.day7	0.014473982494451447	0.07978203468954373	0.043329118813779495
soil.hip.SHSU.2016.011.2016.04.18.day4	0.03328725462412215	0.1024308727299038	-0.029667865001347302
soil.hip.SHSU.2017.043.2017.12.12.day13	0.06033059660985814	0.05682994243142355	-0.04477538129175963
soil.hip.CMU.17.04.2017.03.day16	0.08086824506893335	-0.060144465693817005	0.09149774386475583
soil.hip.CMU.16.05.2016.mo.day10	0.09308558159954392	-0.037809144589882625	0.06035487276192843
soil.hip.SHSU.2016.064.2016.08.28.day4	0.014000800107495492	0.12618820461206984	-0.011019498160191401
soil.hip.SHSU.2016.064.2016.09.12.day19	0.02619955299799164	0.031782790001672785	0.00414374349002593
soil.hip.UTK.K016.11.2017.06.07.day14	-0.06868222938124893	-0.005723181644854557	-0.032351187285850624
soil.hip.SHSU.2016.007.2016.04.17.day3	0.07075594648218286	0.06562054359438668	-0.05164024959221944
soil.hip.UTK.K016.12.2017.06.04.day11	-0.05200244434627337	-0.02607091143566412	-0.02542508181402904
soil.hip.UTK.K016.11.2017.06.04.day11	-0.06465877559871666	-0.011113474373643704	0.0020261027336641113
soil.hip.SHSU.2016.007.2016.04.23.day9	0.024482287374258525	0.12352169283279836	0.0018158660114099049
soil.hip.SHSU.2016.067.2016.09.23.day8	0.005762127424010782	0.04208755689407022	0.0316435762598472
soil.hip.SHSU.2016.011.2016.04.25.day11	-0.03783806498007049	0.1168780370825821	0.06025273110764013
soil.hip.SHSU.2016.076.2016.12.05.day14	0.028003887170624096	0.0701552676289494	-0.010714900842915893
soil.hip.UTK.K016.01.2016.04.21.day17	-0.08956338429352784	-0.002432347466341958	0.025613231787938145
soil.hip.SHSU.2016.064.2016.09.02.day9	-0.07504241975849599	0.1117741711274265	0.08156341008295116
soil.hip.CMU.16.05.2016.mo.day12	0.08933615097897622	-0.04790659533725508	0.06890640274994188
soil.hip.UTK.K016.06.2016.10.07.day3	-0.02695203284692927	-0.02828825813304957	-0.039515521788917256
soil.hip.UTK.K016.06.2016.10.11.day7	-0.10368154523029245	-0.02334655154002449	0.05352407647857122
soil.hip.SHSU.2016.076.2016.12.02.day11	0.030171230794321546	0.07202781699791033	-0.04314179022662542
soil.hip.SHSU.2016.024.2016.05.01.day17	-0.0019644048493387234	0.13415596260774923	0.009631157564632653
soil.hip.UTK.K016.06.2016.10.19.day15	-0.11173495068628786	-0.015996409987911013	0.05038800640189962
soil.hip.CMU.16.05.2016.mo.day15	0.07289290217934083	-0.036164767743429894	0.07258419605984032
soil.hip.UTK.K016.08.2017.Jan.15.day9	0.004317682245778254	-0.05827521210981235	-0.0951027614976558
soil.hip.UTK.K016.12.2017.06.10.day17	-0.033827260098544976	-0.03212621913897658	-0.024045738365546413
soil.hip.SHSU.2016.024.2016.04.27.day13	0.002439957776942723	0.10883503086778291	0.05289386699470875
soil.hip.UTK.K016.05.2016.09.27.day2	-0.0012273842887282815	-0.05716277609753661	-0.06994715551771757
soil.hip.SHSU.2016.067.2016.09.29.day14	-0.06350946267762696	0.08218199801683577	0.07661701038375424
soil.hip.UTK.K016.12.2017.06.08.day15	-0.03996206873134751	-0.034288717838437545	-0.04571967681838039
soil.hip.UTK.K016.04.2016.10.13.day18	-0.12023122773551735	-0.019569412930475	0.08005648724088552
soil.hip.UTK.K016.03.2016.05.14.day9	-0.0695877134674918	-0.021707037285108893	-0.028864238104364753
soil.hip.UTK.K016.10.2017.06.08.day15	-0.05111978143117319	-0.012177629878262835	-0.028885553293569136
soil.hip.UTK.K016.12.2017.06.06.day13	-0.06130421222221439	-0.009377247638246313	-0.00556616916840879
soil.hip.SHSU.2016.024.2016.04.19.day5	0.047169843919043004	0.07051330027922259	-0.004005559975037054
soil.hip.UTK.K016.08.2017.Jan.19.day13	0.013717357452670439	-0.0484517004422471	-0.05124567523382356
soil.hip.UTK.K016.10.2017.05.30.day6	0.006356302582933062	-0.03150261547085418	-0.044922786015642195
soil.hip.UTK.K016.06.2016.10.15.day11	-0.09735113793886754	-0.02094513647501871	0.05388167711745083
soil.hip.SHSU.206.072.2016.11.16.day13	0.02441446007444159	0.0643483324315137	-0.019573135213232607
soil.hip.CMU.17.10.2017.08.17.day9	0.0943058699878698	-0.07168609172323108	0.10347902544496182
soil.hip.UTK.K016.10.2017.06.07.day14	-0.06129806113591233	0.0005247506423603414	-0.020416119213866765
soil.hip.CMU.17.04.2017.03.day17	0.10721647254213745	-0.08372566072257837	0.09956300058599589
soil.hip.SHSU.2016.024.2016.05.04.day20	-0.042202580621673064	0.1350295637376367	0.07257557382661992
soil.hip.UTK.K016.06.2016.10.22.day18	-0.10658524873012282	-0.015795443839691177	0.06460975519567534
soil.hip.UTK.K016.12.2017.06.07.day14	-0.023461102652094494	-0.024460089943771992	-0.0358154361482785
soil.hip.CMU.16.05.2016.mo.day2	0.10183835568888178	-0.05373577581315568	0.0819720166640223
soil.hip.SHSU.2016.076.2016.12.10.day19	0.05458318200921159	0.09856971890430838	-0.0505927814027936
soil.hip.SHSU.2016.011.2016.05.02.day18	-0.014315989328658027	0.06702802819811113	0.09194973204717811
soil.hip.UTK.K016.06.2016.10.21.day17	-0.10412575533981559	-0.023171135079360063	0.05180064942592064
soil.hip.UTK.K016.07.2017.Jan.17.day11	0.005878688732150618	-0.05801539967695424	-0.08030676798762278
soil.hip.SHSU.2016.011.2016.05.05.day21	0.011266245359202646	0.10664673644383099	0.051529522074310795
soil.hip.SHSU.2016.024.2016.04.29.day15	-0.002362814314825561	0.13226451428285815	0.013995478801049215
soil.hip.UTK.K016.07.2017.Jan.19.day13	-0.003719905857860455	-0.03695588208529988	-0.05029435751157803
soil.hip.CMU.17.04.2017.03.day15	0.09556950793279083	-0.06304254579917323	0.08027867417884468
soil.hip.SHSU.2016.024.2016.05.02.day18	0.017428707253708882	0.10866215270601069	0.04216585032402454
soil.hip.CMU.16.05.2016.mo.day4	0.11537911046739552	-0.09618822245862634	0.09291505309048345
soil.hip.SHSU.2016.024.2016.04.18.day4	0.037002734343841194	0.09538205309814404	-0.03946908557969284
soil.hip.SHSU.2016.007.2016.04.28.day14	-0.03448760508678856	0.15497328563083415	0.03566973354913424
soil.hip.CMU.17.04.2017.03.day20	0.10294898010895029	-0.04855753999371361	0.07801659186700068
soil.hip.UTK.K016.08.2017.Jan.08.day2	-0.0005828812453006608	-0.052639949365494876	-0.05713001070595994
soil.hip.CMU.16.05.2016.mo.day1	0.11543068132016429	-0.07586473897497872	0.08077992650102565
soil.hip.UTK.K016.02.2016.04.27.day15	-0.06841834977017645	-0.02715574064799194	-0.03881638302204847
soil.hip.SHSU.2016.076.2016.11.29.day8	0.018051194388067675	0.07470861186457968	-0.009279234379051895
soil.hip.CMU.16.09.2016.08.08.day14	0.09448401258449875	-0.07368615907956437	0.10303110020947095
soil.hip.UTK.K016.06.2016.10.16.day12	-0.10876549214818335	-0.019057561824187476	0.057371395210462056
soil.hip.UTK.K016.01.2016.04.23.day19	-0.05296104322887784	0.012401108761205483	-0.024213283979066944
soil.hip.UTK.K016.03.2016.05.22.day17	-0.04391225126005328	-0.005510038758012678	-0.007061455079432434
soil.hip.SHSU.2016.064.2016.09.06.day13	0.024475903550491125	0.03729122156347199	0.013834390293206872
soil.hip.SHSU.2016.067.2016.09.26.day11	-0.04986563393431014	0.06685018764116127	0.07221269396943232
soil.hip.UTK.K016.02.2016.05.03.day21	-0.01782908477967818	-0.02365038540101465	-0.03889462704675629
soil.hip.UTK.K016.10.2017.06.05.day12	-0.037188298352303924	-0.015384421872380583	-0.030777632072697615
soil.hip.SHSU.2016.072.2016.11.20.day17	0.032565184305298596	0.06334101308246252	-0.0328641409421458
soil.hip.UTK.K016.02.2016.04.25.day13	-0.010174747132722381	-0.04420279177229676	-0.06364125502593321
soil.hip.SHSU.2016.072.2016.11.08.day5	0.06276446772193059	0.06689392706703719	-0.04314424415729691
soil.hip.SHSU.2016.072.2016.11.06.day3	0.06845317162359196	0.05032969835773336	-0.03743092920699795
soil.hip.SHSU.2017.043.2017.12.07.day8	0.07806835958232257	0.04831131487646359	-0.04245856534522205
soil.hip.UTK.K016.03.2016.05.13.day8	-0.017507122774794867	-0.04141563715085584	-0.08974954223051719
soil.hip.UTK.K016.02.2016.04.18.day6	0.002449927054864088	-0.06223989448799978	-0.09128274695216594
soil.hip.CMU.17.10.2017.08.10.day2	0.09165473750579768	-0.05924876597599627	0.06146113491669551
soil.hip.CMU.16.05.2016.mo.day3	0.12673042537589502	-0.09264526853499999	0.1006501567766656
soil.hip.SHSU.2016.076.2016.12.06.day15	0.041647338044987464	0.0873038372236981	-0.030501033834450762
soil.hip.SHSU.2016.067.2016.09.17.day2	0.048935816109918366	0.06371193859483845	-0.02848622490534477
soil.hip.SHSU.2016.007.2016.04.22.day8	0.0038345075321655673	0.12300679220848425	0.047491201330735686
soil.hip.UTK.K016.10.2017.06.10.day17	-0.051924960336560605	-0.009427484131061719	-0.02304479817551652
soil.hip.UTK.K016.08.2017.Jan.14.day8	0.003984477041874287	-0.051171815796498675	-0.049185724527247975
soil.hip.UTK.K016.05.2016.09.28.day3	0.013989958291375792	-0.0686545826107849	-0.07817803070184799
soil.hip.UTK.K016.03.2016.05.12.day7	-0.006858467153846152	-0.04539726407016101	-0.08345567291638267
soil.hip.UTK.K016.08.2017.Jan.09.day3	0.0019976270080397664	-0.05292641549678318	-0.05513901457260753
soil.hip.UTK.K016.10.2017.06.03.day10	-0.036385792451566805	-0.026149889852441495	-0.05309390747930901
soil.hip.CMU.17.04.2017.03.day5	0.08890520844109615	-0.043894477906650686	0.046789220103914696
soil.hip.UTK.K016.07.2017.Jan.11.day5	-0.0008330488785179803	-0.06063185007284565	-0.06415539604861936
soil.hip.SHSU.2017.043.2017.12.18.day19	0.05576992458615689	0.06220719283579261	-0.030898381999754587
soil.hip.UTK.K016.08.2017.Jan.06.day1	0.0058629290041942	-0.04982562438034395	-0.052390414062483896
soil.hip.SHSU.2016.076.2016.11.23.day2	0.0026644667340140725	0.07015839457856221	0.009940444254755439
soil.hip.SHSU.2016.072.2016.11.13.day10	0.03009719807368896	0.06680809012883401	-0.027739843356373167
soil.hip.UTK.K016.07.2017.Jan.06.day1	0.0001508225174145902	-0.06303421568922847	-0.06535545025875385
soil.hip.CMU.17.10.2017.08.09.day1	0.0941227216139968	-0.07254773129595304	0.0822765551639724
soil.hip.SHSU.2016.076.2016.12.04.day13	0.018665166916965254	0.07346300169670343	-0.016401087070515616
soil.hip.SHSU.2016.011.2016.04.22.day8	-0.008758660082927625	0.11287847411365905	0.04254476244691346
soil.hip.SHSU.2016.067.2016.09.25.day10	-0.019715820824048613	0.06515147185569331	0.03987584619085859
soil.hip.UTK.K016.08.2017.Jan.11.day5	0.0014563166502909169	-0.049708439622513735	-0.06716774473404301
soil.hip.SHSU.2017.043.2017.12.01.day2	0.07190915142589643	0.052600866573928394	-0.03773042915256061
soil.hip.CMU.17.10.2017.08.12.day4	0.08912294104487861	-0.05282915721001322	0.06677905696185438
soil.hip.SHSU.2016.024.2016.04.25.day11	0.015348649179852162	0.14116069939039336	0.017144344335172715
soil.hip.UTK.K016.05.2016.10.13.day18	-0.09506395720174353	-0.011254665964778691	0.056808891874844884
soil.hip.UTK.K016.11.2017.05.29.day5	-0.00970234848678639	-0.026357646443844786	-0.07205328169028197
soil.hip.UTK.K016.05.2016.09.29.day4	0.012135767511808856	-0.05548319168090823	-0.0435691091244604
soil.hip.UTK.K016.04.2016.10.08.day13	-0.12721962052728883	-0.03534998465703478	0.09131150697175866
soil.hip.SHSU.2016.064.2016.09.08.day15	-0.06684100139458794	0.04016176198022558	0.09470413238848775
soil.hip.SHSU.2016.072.2016.11.14.day11	0.03766425247601174	0.07281320729862188	-0.0711588773168273
soil.hip.UTK.K016.11.2017.06.11.day18	-0.05646282830162439	-0.004848461697501539	-0.014461243032862834
soil.hip.CMU.16.05.2016.mo.day20	0.06850404013055164	-0.05836845917239997	0.1050824260317756
soil.hip.CMU.17.04.2017.03.day8	0.09478783618225121	-0.05465747778182814	0.0732630855092957
soil.hip.SHSU.2016.067.2016.09.18.day3	0.0692488630576595	0.044952269113673574	-0.035283132013943126
soil.hip.UTK.K016.01.2016.04.25.day21	-0.0689591541174257	0.02123605801133837	0.014438343278146979
soil.hip.SHSU.2016.064.2016.09.03.day10	-0.013016910602810801	0.04565641501984446	0.06517553440603761
soil.hip.UTK.K016.06.2016.10.06.day2	-0.019203974126094134	-0.02027884355183544	-0.046728259614648375
soil.hip.SHSU.2016.076.2016.12.11.day20	0.047118165224079675	0.07472964461598444	-0.03736874874432713
soil.hip.CMU.17.10.2017.08.18.day10	0.06507174898342405	-0.06078427480382646	0.10159107214213117
soil.hip.UTK.K016.11.2017.05.28.day4	0.0004218617518219102	-0.03566977159983101	-0.07207092263851654
soil.hip.CMU.17.04.2017.03.day14	0.09532742057861066	-0.05841155613625172	0.08058423923196317
soil.hip.UTK.K016.10.2017.06.01.day8	-0.0278275301162622	-0.023435722271231342	-0.028250584856772145
soil.hip.UTK.K016.08.2017.Jan.22.day16	0.001214612971345796	-0.057835114226261954	-0.0822657614669137
soil.hip.UTK.K016.07.2017.Jan.15.day9	-0.0002686356737830607	-0.05859891944829569	-0.07046238256457737
soil.hip.UTK.K016.05.2016.10.14.day19	-0.11629782714452273	-0.028424083903876022	0.05533000459894998
soil.hip.SHSU.2017.043.2017.12.19.day20	0.04068611441463842	0.0769735343929704	-0.03969241709415515
soil.hip.UTK.K016.08.2017.Jan.24.day18	0.008727278428681064	-0.042661897234807365	-0.04158408006927667
soil.hip.UTK.K016.07.2017.Jan.12.day6	0.0006630088194350231	-0.04901898613565709	-0.06813415329354718
soil.hip.CMU.17.04.2017.03.day18	0.04860448175056537	-0.043485452487264535	0.09716962759052983
soil.hip.UTK.K016.01.2016.04.17.day13	-0.08645191371658313	0.0094191734317039	0.013361495907390017
soil.hip.UTK.K016.04.2016.10.10.day15	-0.10700437149788912	-0.035773463426899826	0.07071263868457196
soil.hip.UTK.K016.01.2016.04.06.day2	0.016417785194300042	-0.024183979725075883	-0.04666153366468417
soil.hip.UTK.K016.07.2017.Jan.18.day12	-0.0032527112113315258	-0.06725371962207	-0.08600641446721637
soil.hip.UTK.K016.04.2016.10.04.day9	-0.10333566590916674	-0.03093015961763323	0.07255326986315103
soil.hip.SHSU.2016.007.2016.04.26.day12	0.0033069204395033257	0.10303227482942395	0.040911709244232625
soil.hip.UTK.K016.02.2016.04.20.day8	-0.015298809716338933	-0.051555417537778314	-0.06596542716820081
soil.hip.SHSU.2016.076.2016.12.03.day12	0.025141644766981434	0.08428356761350331	-0.028964514575572853
soil.hip.UTK.K016.02.2016.05.01.day19	-0.032169433004627226	-0.023319619760365947	-0.04071067851767388
soil.hip.UTK.K016.05.2016.10.12.day17	-0.1151266044521229	-0.019879975116907648	0.03684474605042785
soil.hip.UTK.K016.01.2016.04.18.day14	-0.0668557546050803	0.00879905597654955	-8.013498054771433e-05
soil.hip.UTK.K016.07.2017.Jan.25.day19	-0.008021191959159433	-0.04930278501624182	-0.07002375989781538
soil.hip.UTK.K016.04.2016.10.07.day12	-0.07286557936201274	-0.0552489885446965	0.0409405871109615
soil.hip.CMU.17.10.2017.08.27.day19	0.02350677203590318	-0.0710744546229244	0.12135858756278929
soil.hip.UTK.K016.11.2017.05.27.day3	0.008059526885505937	-0.03911586258790875	-0.08428947979004464
soil.hip.UTK.K016.03.2016.05.16.day11	-0.06399776387455382	-0.02605861379584211	-0.02190819097284148
soil.hip.SHSU.2016.076.2016.12.07.day16	0.05286622392723685	0.06918212881765912	-0.030403895819449144
soil.hip.UTK.K016.08.2017.Jan.26.day20	-0.0005876985842212863	-0.05412802408483273	-0.0743109847070496
soil.hip.UTK.K016.08.2017.Jan.13.day7	-0.0038029571546413852	-0.056275071604442874	-0.07419473653654574
soil.hip.SHSU.2016.072.2016.11.05.day2	0.05899217111218881	0.041015656423722846	-0.03248160788659895
soil.hip.UTK.K016.12.2017.05.29.day5	0.01078000665915727	-0.06166961665911535	-0.061570715398051784
soil.hip.UTK.K016.01.2016.04.12.day8	-0.000598400319217581	-0.041693353482995986	-0.06408359499993156
soil.hip.UTK.K016.10.2017.06.14.day21	-0.04095357699075678	-0.015370397800281183	-0.030996564819581948
soil.hip.SHSU.2017.043.2017.12.15.day16	0.028459892928476917	0.06657842333983595	-0.02240755409621463
soil.hip.UTK.K016.03.2016.05.10.day5	-0.0018437000262211064	-0.03966950640131171	-0.06002970222522673
soil.hip.UTK.K016.05.2016.10.02.day7	-0.044203405305319896	-0.038372043015741146	-0.007683074996103822
soil.hip.CMU.16.09.2016.07.29.day4	0.08671305940410026	-0.053319809571145155	0.07561197811776446
soil.hip.UTK.K016.10.2017.06.02.day9	-0.012860753424611722	-0.026492414571691877	-0.04561405250071393
soil.hip.UTK.K016.12.2017.06.12.day19	-0.05819733737099157	-0.0328806857741842	-0.040855625911892894
soil.hip.UTK.K016.07.2017.Jan.23.day17	0.011259218941460031	-0.06653831177955573	-0.11057853616436226
soil.hip.SHSU.2016.011.2016.05.03.day19	0.01826643795189171	0.06173629337815332	0.07524415243507025
soil.hip.CMU.17.10.2017.08.26.day18	0.07312954720938457	-0.052355278405779436	0.09440119331765738
soil.hip.UTK.K016.07.2017.Jan.26.day20	-0.0009456782957900286	-0.054522069571919234	-0.08080495966379767
soil.hip.UTK.K016.08.2017.Jan.10.day4	0.0016627985430279612	-0.060578453484873826	-0.05890040823849559
soil.hip.SHSU.2016.076.2016.12.09.day18	0.04871517258777473	0.07402243266028122	-0.03865554788255446
soil.hip.CMU.16.09.2016.08.15.day21	0.089626428118459	-0.04689291525191755	0.08497696026235231
soil.hip.CMU.16.05.2016.mo.day19	0.1061576699687081	-0.08619579486901648	0.10058438355089443
soil.hip.CMU.16.05.2016.mo.day16	0.08427789132959874	-0.06791409770286072	0.07501648471477222
soil.hip.UTK.K016.01.2016.04.07.day3	0.018436718853424305	-0.032660207145973	-0.051744526771099926
soil.hip.UTK.K016.10.2017.06.12.day19	-0.047254323577500756	-0.009729972440991812	-0.020007457253354177
soil.hip.UTK.K016.04.2016.10.03.day8	-0.06802938701552705	-0.02987366946031819	0.026546666410765928
soil.hip.SHSU.2016.072.2016.11.07.day4	0.04518738931521727	0.06542325272413942	-0.05602904318003211
soil.hip.UTK.K016.04.2016.10.16.day21	-0.138327771713552	-0.028396958307489163	0.07900472715765197
soil.hip.UTK.K016.06.2016.10.20.day16	-0.11358255533994625	-0.018808787445732483	0.05510019553635569
soil.hip.CMU.17.04.2017.03.day4	0.07931509521904845	-0.04835923319666273	0.06728528950825999
soil.hip.SHSU.2016.076.2016.12.01.day10	0.031806198262441736	0.06054572994388636	-0.029995686250030646
soil.hip.UTK.K016.03.2016.05.20.day15	-0.06835149251767467	-0.018660581631924668	0.0037274004262207185
soil.hip.UTK.K016.03.2016.05.11.day6	-0.0014356518387741769	-0.04667360196319319	-0.08446932595278742
soil.hip.UTK.K016.07.2017.Jan.24.day18	-0.007816814222948129	-0.048533368772376725	-0.0732063315666698
soil.hip.UTK.K016.06.2016.10.24.day20	-0.12599282434035822	-0.017374545824972002	0.06997885735299776
soil.hip.UTK.K016.06.2016.10.13.day9	-0.1191192850872933	-0.0059274841005064775	0.05513687475557469
soil.hip.UTK.K016.12.2017.06.01.day8	-0.02156572653630708	-0.05194691469187286	-0.03351821878330309
soil.hip.SHSU.2017.043.2017.12.02.day3	0.055284773019499106	0.05138641825751774	-0.01138867651029483
soil.hip.UTK.K016.01.2016.04.13.day9	-0.015455284330097898	-0.033670547708643986	-0.06380438700939116
soil.hip.SHSU.2017.043.2017.12.16.day17	0.06051238431623312	0.06808730768714936	-0.03333666280906538
soil.hip.SHSU.2016.076.2016.11.25.day4	0.009232413712588535	0.06274539798632155	-0.013776019493094583
soil.hip.UTK.K016.07.2017.Jan.16.day10	0.012065238689719069	-0.07193982850933682	-0.09887259607997452
soil.hip.SHSU.2016.064.2016.08.26.day2	0.07216111606054694	0.05762165882327074	-0.06451054372276559
soil.hip.CMU.17.04.2017.03.day7	0.09227711466216416	-0.056702135280999946	0.06537930526103976
soil.hip.UTK.K016.06.2016.10.14.day10	-0.10935643193023237	-0.02067299698313351	0.04367275692911417
soil.hip.CMU.17.10.2017.08.16.day8	0.0849424034082633	-0.06515903466855609	0.06852561430687498
soil.hip.SHSU.2016.067.2016.09.21.day6	-0.00524689391462418	0.06071343047406817	0.025600582371083338
soil.hip.UTK.K016.03.2016.05.07.day2	0.0029167806353909537	-0.04115296186149392	-0.09627178065734535
soil.hip.CMU.17.04.2017.03.day21	0.08239054444425833	-0.05297767134976924	0.08822681885169938
soil.hip.UTK.K016.12.2017.05.30.day6	0.01106199752211975	-0.058544955239454424	-0.053600166784039074
soil.hip.CMU.17.10.2017.08.20.day12	0.06509892283083593	-0.05434198114306236	0.1284342232082376
soil.hip.UTK.K016.05.2016.09.30.day5	-0.01233084615710345	-0.05247514462254507	-0.029305933191904172
soil.hip.SHSU.2016.011.2016.04.30.day16	-0.0019238654754120269	0.11715150553670697	0.043077805989478725
soil.hip.SHSU.2017.043.2017.12.05.day6	0.0649715119935808	0.04726409446809645	-0.0331784524464961
soil.hip.UTK.K016.06.2016.10.08.day4	-0.017658168591576217	-0.024978291526704655	-0.02398482935076665
soil.hip.UTK.K016.05.2016.10.11.day16	-0.10816015066374046	-0.02269911852800721	0.04331392663257518
soil.hip.SHSU.2016.072.2016.11.10.day7	0.063620783009028	0.04801999668833675	-0.031703117600971116
soil.hip.SHSU.2016.076.2016.11.27.day6	0.014375382908888902	0.06429813761818753	-0.008042240895038778
soil.hip.SHSU.2016.011.2016.04.17.day3	0.055122158958657276	0.093082180258046	-0.08278519681699624
soil.hip.UTK.K016.08.2017.Jan.16.day10	0.0003290308446395444	-0.0662056000853243	-0.0956097614421504
soil.hip.UTK.K016.02.2016.04.30.day18	-0.07522892148735935	-0.0037698548702703233	0.011310434328663613
soil.hip.SHSU.2016.011.2016.04.20.day6	0.017517243542280982	0.10857984092498275	-0.0030312049186760376
soil.hip.SHSU.2016.064.2016.09.01.day8	-0.06831829826135838	0.021904713516933075	0.09991834172648666
soil.hip.CMU.17.10.2017.08.25.day17	0.050573947855026995	-0.0693254617662503	0.11498666839304525
soil.hip.SHSU.2016.064.2016.09.07.day14	0.025890692609678904	0.016255004607833787	0.03569680952808331
soil.hip.UTK.K016.02.2016.04.28.day16	-0.06097542243064591	-0.025163363332247567	-0.0024742896250564412
soil.hip.UTK.K016.02.2016.04.21.day9	-0.011574430979405831	-0.04893406912326593	-0.07211952300146117
soil.hip.SHSU.2017.043.2017.12.14.day15	0.02590255321994234	0.06506605574095145	-0.031161558475680525
soil.hip.UTK.K016.05.2016.10.05.day10	-0.10908439502821347	-0.016643738654915086	0.04784459847683747
soil.hip.CMU.16.05.2016.mo.day13	0.11069254765215024	-0.0927015930182979	0.06098593868438943
soil.hip.UTK.K016.01.2016.04.11.day7	0.015302692128451065	-0.0373446214504172	-0.04168875506833139
soil.hip.SHSU.2017.043.2017.12.09.day10	0.06500907563944136	0.06333282793247547	-0.04590538734266784
soil.hip.CMU.17.10.2017.08.14.day6	0.06100387450230628	-0.06952678873503537	0.08470298201380996
soil.hip.UTK.K016.03.2016.05.09.day4	-0.011793803514168586	-0.03953876176652251	-0.0588253677304951
soil.hip.CMU.17.04.2017.03.day1	0.07896263402666619	-0.042204069074395716	0.052926507659190256
soil.hip.SHSU.2016.064.2016.09.04.day11	-0.0032210124296230365	0.07407226425107899	0.05285254319445886
soil.hip.CMU.17.04.2017.03.day19	0.0687054393047142	-0.026990893061193538	0.035101557315000066
soil.hip.UTK.K016.04.2016.10.02.day7	-0.06655421606199073	-0.041967426876139816	0.048749402075957744
soil.hip.SHSU.2016.064.2016.09.05.day12	-0.015129476079071186	0.03585696676251177	0.040317379601773264
soil.hip.CMU.17.04.2017.03.day11	0.09702249175736928	-0.043690833994061755	0.06267732918298678
soil.hip.SHSU.2017.043.2017.12.08.day9	0.061640643381943847	0.05411643208499261	-0.03003021801327277
soil.hip.SHSU2016.067.2016.10.03.day18	-0.0707665110102156	0.045876510137185154	0.12936426079372138
soil.hip.UTK.K016.01.2016.04.08.day4	0.016116558868677282	-0.031541426034539466	-0.047940970405317786
soil.hip.UTK.K016.02.2016.04.23.day11	-0.03383465869969035	-0.036153072483897195	-0.04423479529516913
soil.hip.SHSU.2016.076.2016.12.12.day21	0.05033432806457284	0.06676914649839046	-0.02413874867164935
soil.hip.SHSU.2016.076.2016.11.28.day7	0.02046886230471259	0.05149193740158284	-0.020466747146000375
soil.hip.CMU.16.09.2016.08.07.day13	0.050956483448133374	-0.03034609113492048	0.04652659312734537
soil.hip.SHSU.2016.024.2016.04.17.day3	0.03803601460688232	0.048298501708375435	-0.025697144635503082
soil.hip.UTK.K016.06.2016.10.05.day1	0.012086223109874903	-0.01513801108668246	-0.015055626007179839
soil.hip.CMU.16.09.2016.07.27.day2	0.07085518478404823	-0.061013802476323147	0.05345631935539672
soil.hip.SHSU.2016.064.2016.08.25.day1	0.02822051358418032	0.062241347000021666	-0.033300320170010674
soil.hip.UTK.K016.04.2016.09.27.day2	0.007834226539930893	-0.029924262963386624	-0.015788866637204517
soil.hip.CMU.17.10.2017.08.22.day14	0.043705454758404746	-0.037791856905967196	0.05635090428129117
soil.hip.UTK.K016.01.2016.04.22.day18	-0.019191805587714494	0.0019370542386285268	-0.036820654640964956
soil.hip.SHSU.2016.011.2016.04.28.day14	-0.01310465879194566	0.06398668634479245	0.042343080427031034
soil.hip.SHSU.2016.007.2016.04.30.day16	0.02408911566189288	0.09034557779718093	0.026344405293867536
soil.hip.SHSU.2016.064.2016.09.09.day16	0.026489244697605822	0.054790032618129605	0.01352743245012818
soil.hip.SHSU.2016.011.2016.05.01.day17	0.0072923400740388	0.06746904857905732	0.044226026847726196
soil.hip.UTK.K016.03.2016.05.24.day19	-0.022911051730383148	-0.010596337121763028	0.0008366140875659273
soil.hip.UTK.K016.05.2016.10.06.day11	-0.0704196374949846	-0.013658601461005433	0.019728505824559452
soil.hip.UTK.K016.08.2017.Jan.21.day15	-0.01080941771560037	-0.0417126411803069	-0.03908593037552324
soil.hip.UTK.K016.06.2016.10.09.day5	-0.017172280268184615	-0.017126676847037003	-0.016712529313443577
soil.hip.UTK.K016.01.2016.04.05.day1	-0.005599432462373788	-0.005250978418903647	-0.017863770792562815
soil.hip.UTK.K016.10.2017.05.29.day5	-0.006144868336859932	-0.02590974539860398	-0.028587884204642113
soil.hip.UTK.K016.10.2017.06.06.day13	-0.02392732384100775	-0.001419440880997184	-0.014325999960456007
soil.hip.UTK.K016.07.2017.Jan.08.day2	-0.014208436939893626	-0.03749157023333557	-0.03194628783601414
soil.hip.UTK.K016.12.2017.06.14.day21	0.003311125442837679	-0.027542248047382284	-0.035903809176028395
soil.hip.SHSU.2016.067.2016.09.22.day7	0.010766376352774509	0.05378988391432275	-0.002518658699714609
soil.hip.SHSU.2016.076.2016.11.22.day1	0.011713423470194308	0.03263408105608991	-0.003965702171398363
soil.hip.SHSU.2016.072.2016.11.12.day9	0.03934366207987537	0.047444891139430866	-0.02776014125943056
soil.hip.UTK.K016.04.2016.09.26.day1	0.019285293916929392	-0.039356053374844956	-0.02630636929821881
soil.hip.UTK.K016.03.2016.05.25.day20	-0.03197544341279072	-0.00888005854887194	0.013582331558292028
soil.hip.UTK.K016.02.2016.04.24.day12	-0.0210093927825018	-0.0258640130547943	-0.034532986251907455
soil.hip.CMU.16.09.2016.08.02.day8	0.0443678929770417	-0.028584465640138793	0.03253316254203225
soil.hip.UTK.K016.04.2016.10.14.day19	-0.07834472024569966	-0.030074320966537685	0.03620505590165564
soil.hip.SHSU.2016.072.2016.11.04.day1	0.03785518306913154	0.04828268885474695	-0.03571345112462577
soil.hip.UTK.K016.07.2017.Jan.20.day14	-0.011421517940071405	-0.03495002359433438	-0.03700942143884117
soil.hip.UTK.K016.11.2017.06.09.day16	-0.04371239650670984	-0.006051472989450957	0.00796333167623031
soil.hip.CMU.16.09.2016.08.11.day17	0.039799009107253966	-0.024677693682963874	0.03335637411727252
soil.hip.SHSU.2016.072.2016.11.09.day6	0.0320194699277518	0.05202573051821818	-0.026005136464920867
soil.hip.CMU.17.10.2017.08.11.day3	0.06879001199370412	-0.044884150920626725	0.036804034950324596
soil.hip.UTK.K016.10.2017.05.28.day4	-0.006705480257080883	-0.02519208275367931	-0.03204446660369806
soil.hip.UTK.K016.11.2017.06.03.day10	-0.018179349575841712	-0.006235058099281064	-0.014848662456832773
soil.hip.UTK.K016.02.2016.04.16.day4	0.00015863537819615692	-0.0350306487829487	-0.044678313660308416
soil.hip.UTK.K016.02.2016.04.13.day1	-0.012737588260644235	-0.02920847624243276	-0.03818433118966247
soil.hip.UTK.K016.12.2017.05.26.day2	-0.009236140757028706	-0.02753935659387097	-0.011890970963504284
soil.hip.UTK.K016.03.2016.05.15.day10	-0.03490056748832853	-0.018591440810224662	-0.03600173867244705
soil.hip.SHSU.2016.064.2016.09.10.day17	0.0515185495948134	0.04885568857653923	-0.01263461722387944
soil.hip.SHSU.2016.064.2016.08.30.day6	-0.05123863353728811	0.04247207153214411	0.06817936294910767
soil.hip.CMU.16.09.2016.07.28.day3	0.04794748761078992	-0.03706701356280424	0.05000944322600156
soil.hip.SHSU.2016.067.2016.10.05.day20	-0.03256558702752076	0.02046802978986575	0.05022025388366
soil.hip.SHSU.2016.007.2016.05.01.day17	0.02470463505631716	0.048014573782071926	-0.0004296211617084844
soil.hip.UTK.K016.08.2017.Jan.23.day17	-0.010750720879190183	-0.022724728899105904	-0.01710739291227082
soil.hip.SHSU.2016.072.2016.11.11.day8	0.03117244401096812	0.04534300559057234	-0.025892281627781226
soil.hip.CMU.16.05.2016.mo.day14	0.07190261561337695	-0.06365067498474222	0.044478992672901715
soil.hip.SHSU.2016.072.2016.11.21.day18	0.033105101173030387	0.03594560244394909	-0.030581753126379504
soil.hip.SHSU.2016.007.2016.05.04.day20	0.01664633379612026	0.03869995081083903	-0.0015801183254463365
soil.hip.SHSU.2016.064.2016.08.27.day3	0.03899335452823171	0.04431767976014718	-0.020706504140915623
soil.hip.SHSU.2016.072.2016.11.15.day12	0.00929372997638941	0.045137163644085786	-0.008036554600573904
soil.hip.UTK.K016.12.2017.06.11.day18	-0.017944077862604806	-0.01774498732343201	-0.009248778147488305
soil.hip.UTK.K016.11.2017.05.25.day1	-0.012431976761669579	-0.025731666102253324	-0.021379418753132175
soil.hip.SHSU.2017.043.2017.11.30.day1	0.009618168914955856	0.04382603358305049	-0.012039585373796211
soil.hip.SHSU.2016.076.2016.12.08.day17	0.03777861934801314	0.0484578438046984	-0.015599586498596685
soil.hip.UTK.K016.05.2016.10.15.day20	-0.1006913396023571	-0.018414367064412858	0.025535028176368466
soil.hip.CMU.17.04.2017.03.day3	0.024358354343498416	-0.024769537438711166	0.03468448715614301
soil.hip.UTK.K016.11.2017.05.26.day2	-0.0059138577095914115	-0.0307477005763124	-0.03557810153548761
soil.hip.UTK.K016.07.2017.Jan.22.day16	-0.013197310355352675	-0.03346988218411664	-0.04174640852413654
soil.hip.CMU.17.10.2017.08.19.day11	0.05211790507881853	-0.05024009733911051	0.054091266419471845
soil.hip.UTK.K016.02.2016.04.26.day14	-0.04504446737906895	-0.015664351968904363	-0.011812444158994417
soil.hip.CMU.17.10.2017.08.23.day15	0.04542560586488715	-0.04566725154715511	0.05114128159203341
soil.hip.CMU.17.04.2017.03.day12	0.06705038704544253	-0.05143923808906774	0.04293995239620271
soil.hip.UTK.K016.07.2017.Jan.10.day4	-0.014985758310443202	-0.033750128224103705	-0.03032550973638489
soil.hip.UTK.K016.05.2016.09.26.day1	-0.005117911199881697	-0.03826955105191526	-0.035568696496993644
soil.hip.UTK.K016.01.2016.04.24.day20	-0.04185222418791537	0.011638184880322184	0.00777878024291414
soil.hip.UTK.K016.12.2017.06.05.day12	-0.06010211398663735	-0.011228291719185522	0.006206443160599297
soil.hip.UTK.K016.12.2017.06.09.day16	-0.012107207684061323	-0.016765681012636053	-0.018078666667388173
soil.hip.UTK.K016.06.2016.10.18.day14	-0.08616401573304318	-0.018388367669330066	0.02799426420746502
soil.hip.UTK.K016.02.2016.04.19.day7	-0.0009038716120677722	-0.033058911405558465	-0.03964075754985808
soil.hip.SHSU.2016.067.2016.09.24.day9	-0.015799320186286263	0.03836153271116506	0.03291025572272602
soil.hip.SHSU.2016.064.2016.08.31.day7	0.004255567558301036	0.035192292220359536	0.029727027423991772
soil.hip.UTK.K016.04.2016.10.12.day17	-0.09828580202604432	-0.016652666025501205	0.048346049951352665
soil.hip.UTK.K016.01.2016.04.14.day10	0.0016905337188098729	-0.018621506144681627	-0.03422635610044338
soil.hip.SHSU.2016.011.2016.04.27.day13	-0.054636283184567105	0.10968281310457384	0.02047354517845049
soil.hip.SHSU.2016.011.2016.04.24.day10	0.02342276433126415	0.07584174937926802	0.008251098490590778
soil.hip.UTK.K016.06.2016.10.17.day13	-0.0935500963221561	-0.01119032455918699	0.052435178273669135
soil.hip.CMU.16.09.2016.07.26.day1	0.03063550710835629	-0.021337471639281156	0.04559162281891936
soil.hip.SHSU.2016.011.2016.04.19.day5	0.018198983429418256	0.08781452948738841	-0.01711893445673963
soil.hip.CMU.16.09.2016.08.10.day16	0.046632065246660644	-0.028741699292330954	0.041510569250472425
soil.hip.UTK.K016.12.2017.06.03.day10	-0.031834624662091235	-0.01247089545964735	-0.004737229994796332
soil.hip.CMU.16.05.2016.mo.day21	0.028455861126502485	-0.03923980536595835	0.04273104426133131
soil.hip.UTK.K016.04.2016.10.05.day10	-0.05353536086401454	-0.0222701170502642	0.023697951199719382
soil.hip.UTK.K016.08.2017.Jan.27.day21	-0.009367357975284476	-0.03396634571850893	-0.03383950635435283
soil.hip.SHSU.2016.007.2016.05.03.day19	0.030455861593717784	0.05004105896139083	0.008745936540757112
soil.hip.UTK.K016.02.2016.04.14.day2	0.0009139052646711855	-0.03652938242212618	-0.04162964924830946
soil.hip.UTK.K016.02.2016.04.22.day10	-0.021452914780000443	-0.03163017173090465	-0.031076227061308092
soil.hip.UTK.K016.11.2017.06.06.day13	-0.014688523682295564	-0.008164098402677261	-0.013863445910592097
soil.hip.SHSU.2016.064.2016.09.11.day18	0.05287680388656975	0.04293090895338763	-0.007826046152388494
soil.hip.UTK.K016.03.2016.05.17.day12	-0.042235626408786774	-0.01237174388271428	-0.010891031213746152
soil.hip.SHSU.2016.072.2016.11.19.day16	-0.018506398189454064	0.03424206188186038	0.00474713656936478

Biplot	0	0

Site constraints	0	0
